% # columns="iteration, evaluation, sigma, axis ratio, bestever, best, median, worst objective function value, further objective values of best", seed=85098, Mon Mar 29 13:17:42 2021, <python>{}</python>
1 12 0.9171624671503592 1.0000466677555726 4107.178521291855 4.1071785212918548e+03 1574240.9304405276 12372288.94000388   
2 24 0.8929952525229087 1.097217855997939 4107.178521291855 5.6839285666707336e+04 570778.8357295592 1434947.1289751488   
3 36 0.8569043345630031 1.188025733086849 4107.178521291855 1.1321025766362608e+05 613546.0206720358 4555196.481727582   
4 48 0.8545171360345631 1.2430901503677116 45.07235990203984 4.5072359902039842e+01 258904.1564345491 4020086.359271175   
5 60 0.8506411435807676 1.3146647383017716 45.07235990203984 7.7445899414744883e+02 321204.04678695847 2576138.322347331   
6 72 0.8817631656052296 1.3762332019638588 45.07235990203984 1.2727904613076507e+03 89551.84066874573 4782494.047255983   
7 84 0.8817197444432698 1.4497183164340761 45.07235990203984 2.5364781917286247e+04 286226.90839830495 2465715.623873542   
8 96 0.8867881049367506 1.5003380610107586 45.07235990203984 4.2409055929936158e+03 380751.499865114 1546642.5208360588   
9 108 0.9077791862362357 1.5681696575460777 45.07235990203984 6.4380305633597141e+02 126117.57416382886 3425056.122517239   
10 120 0.9404088071135682 1.6353993365847188 45.07235990203984 1.6885028779257902e+02 467748.96643430623 2141327.697558886   
11 132 0.9678484783846368 1.7300107421755586 45.07235990203984 6.0742835152761211e+02 907641.0190806568 2050856.8686730172   
12 144 1.0120542534807944 1.7775518359449736 45.07235990203984 8.8023251608509486e+02 420542.22790424176 2250990.2920568446   
13 156 1.0288020508334061 1.7999463090888819 45.07235990203984 1.0906466018750300e+03 168154.40529218095 879196.1261329862   
14 168 1.048716309430182 1.820409043807712 45.07235990203984 5.9873629241528633e+03 1099947.7521913743 7262559.808824416   
15 180 1.0380810762959332 1.8645649731100502 45.07235990203984 2.9358929373409042e+03 254871.87576796243 881851.8462158944   
16 192 1.0896388547770037 1.902967844282056 45.07235990203984 1.6707000700533408e+04 157757.55732122093 440638.860954945   
17 204 1.0789457778674072 1.901320445759383 45.07235990203984 3.2258916621928609e+04 248469.49672605854 3960402.815492787   
18 216 1.1420818891291815 1.9435604948379885 45.07235990203984 1.6425919279811660e+04 274543.9500428947 2505262.2093770485   
19 228 1.1276143717304088 2.0680537990118766 45.07235990203984 1.4232496884243972e+04 153497.5435999033 2737294.090525688   
20 240 1.0645436834526987 2.164045903472568 45.07235990203984 3.1328593059280308e+02 360193.84298154234 3433217.3039264833   
21 252 1.0180914502953387 2.249385400554749 45.07235990203984 7.4435148881606642e+02 473915.03724019113 1903901.34151384   
22 264 0.9858433000921605 2.2934569280990442 45.07235990203984 6.9378217288035273e+02 161746.21637850133 2716957.1479846663   
23 276 0.9266096983247766 2.3748667446087874 45.07235990203984 1.7931110695925647e+04 299811.1050514195 1361900.2824614039   
24 288 0.8873054860143427 2.454442541599905 45.07235990203984 2.3526643203132353e+03 313772.78075769247 2170594.2398974844   
25 300 0.878827364114615 2.5869494127079826 45.07235990203984 3.3533147869418549e+03 105501.13412999189 2178116.559900648   
26 312 0.8871369640943303 2.7642373304252597 45.07235990203984 8.5460456243266730e+04 394854.40868767997 1122886.5188624563   
27 324 0.915052600944485 2.9174062298417796 45.07235990203984 2.0039315662374865e+03 278021.58397798386 3271321.3101883447   
28 336 0.9018132478916058 3.1643925625942932 45.07235990203984 2.9937703735085074e+03 69855.05864203088 492586.0215921634   
29 348 0.8527727497514186 3.2894505672274157 45.07235990203984 3.0628456553635067e+02 106628.16601261841 1358758.611809699   
30 360 0.8528747684489705 3.3800395247147996 45.07235990203984 2.0140559107523484e+02 45376.499199357095 841264.1497228764   
31 372 0.8492123075761101 3.417937551048058 45.07235990203984 3.9986289684742942e+03 379981.20657754515 832874.3588350117   
32 384 0.8478942202506947 3.5043081840045507 45.07235990203984 6.4817373745454788e+03 149945.3848654478 687315.6258285161   
33 396 0.8237388824578926 3.64548815098464 45.07235990203984 1.9603993906318726e+02 74448.07834605243 418464.0716454637   
34 408 0.7558370257997246 3.7542943165692413 45.07235990203984 2.1031465252726257e+03 28482.366001281807 591262.8552148849   
35 420 0.7289494680077855 3.7813069992601998 45.07235990203984 7.3320456114781427e+02 60335.82549263572 459748.80109097145   
36 432 0.6972881042921607 3.8775168099026827 45.07235990203984 2.5988679362905790e+04 86250.82324210483 543505.8530879997   
37 444 0.6443476829550273 4.004427139981444 45.07235990203984 3.9571965544575875e+02 8377.113606109595 114615.32638808065   
38 456 0.6175056323123679 4.0129801659889175 45.07235990203984 3.7425632611801564e+02 41310.143623454176 135025.84844983986   
39 468 0.5950813463198155 4.034276459762576 45.07235990203984 3.1835176803091849e+02 30780.412528330908 265637.87102872523   
40 480 0.5986702830962916 4.143888152232774 45.07235990203984 6.5675106938476262e+01 35576.591890353644 263802.6917886285   
41 492 0.5780187055549639 4.302171348678568 45.07235990203984 2.2338179263135253e+03 23215.266029380793 167101.7244015199   
42 504 0.5623233791748057 4.402845685149686 25.126846444268388 2.5126846444268388e+01 11716.630298525753 296867.60140559106   
43 516 0.5662600904865757 4.523769206263989 25.126846444268388 2.3246208482621114e+03 40026.82767304805 182133.8887759995   
44 528 0.5737322807555988 4.583779766547828 25.126846444268388 2.9757454075358323e+03 22204.814021062444 52809.05112927308   
45 540 0.58135944680501 4.6647299952983285 25.126846444268388 4.1982767483262975e+01 30005.646153443326 86749.88971062533   
46 552 0.6195282020014692 4.841674902445225 25.126846444268388 2.4008779952318281e+02 15191.39885329245 111719.36774823682   
47 564 0.626437244478135 5.152653105282374 25.126846444268388 4.8392792434328095e+02 40165.86278703409 105410.06114724054   
48 576 0.5884188320471212 5.353299421702656 25.126846444268388 3.9919811391907098e+02 8198.642158024479 127092.48719479104   
49 588 0.5381911435634819 5.489582451099613 25.126846444268388 5.3063285049485262e+02 21658.880384461074 129232.14139506062   
50 600 0.5341386050248939 5.570722150498834 25.126846444268388 3.0225082228687870e+02 1763.6947729692852 102723.28716623277   
51 612 0.5311421288874135 5.619554603614998 25.126846444268388 4.5842997885175286e+01 35468.606723924284 78144.93388364285   
52 624 0.5203628193869679 5.808240104643865 25.126846444268388 1.7261360116292212e+02 17236.8326502061 112827.20087790913   
53 636 0.48302559566261033 5.981716087239268 25.126846444268388 1.4830102277918746e+02 8588.160273301733 141866.31536407289   
54 648 0.4532134413838049 6.064149173739213 25.126846444268388 6.9770375644872814e+01 21295.129658544323 69325.49181999573   
55 660 0.43031684328008146 6.287310366779359 25.126846444268388 7.8243502024016550e+02 14837.093014764372 57913.895476905986   
56 672 0.4014967309278128 6.536515132579395 25.126846444268388 9.8310248989567242e+02 10773.679304306545 104166.9118003309   
57 684 0.39178064570409554 6.902763857755461 25.126846444268388 4.9870606854274243e+01 3746.7163461101645 46443.67455004101   
58 696 0.37246822100158655 7.108240683845646 25.126846444268388 6.0352402450111492e+02 3526.487347907779 22939.641682128327   
59 708 0.3584474269692068 7.252299023730984 25.126846444268388 1.0128775061053609e+02 4887.80786422138 48760.26842050601   
60 720 0.3595888863680008 7.550852458375956 25.126846444268388 5.2871878602238746e+02 4965.625816073954 14557.976281334344   
61 732 0.34189007905092955 7.690761396987848 25.126846444268388 5.3144896050725549e+01 6585.260677859896 27608.41015275707   
62 744 0.33112124661718323 8.134162284472902 25.126846444268388 4.7633090508329033e+01 2788.758197932575 28523.9559808825   
63 756 0.3157162066813529 8.423773652015162 25.126846444268388 8.6472068932479715e+01 2238.366121748417 31937.682988440807   
64 768 0.3203338154044389 8.764152927683888 25.126846444268388 4.8048475257729898e+01 1926.0775314419568 13165.110603296856   
65 780 0.32232641029699616 9.174636293292295 25.126846444268388 5.9031844114524503e+01 2010.6180778160992 6648.35215760719   
66 792 0.31364708548120945 9.480200099972679 25.126846444268388 1.8140474957376333e+02 1855.880315503954 7609.070007134006   
67 804 0.30793351010961945 9.582522167026264 25.126846444268388 7.3611130880021832e+01 2844.486150712012 6458.8474938971485   
68 816 0.3147350245444473 9.770929800640664 25.126846444268388 6.5287979428992600e+01 525.7748768355037 9576.762106669956   
69 828 0.3284149251103477 10.026308210359742 25.126846444268388 4.3590137294568528e+01 919.509095576675 10096.886187233002   
70 840 0.3443217985161212 10.235605052651591 25.126846444268388 4.1598847540305599e+01 3268.335573440531 14413.236019292412   
71 852 0.34892100876935933 10.682425880677823 25.126846444268388 5.1857305693297775e+01 2544.969125090337 11991.252114551266   
72 864 0.3499928037030705 10.95901932281561 25.126846444268388 5.0927010133582336e+01 1749.1269931774766 26214.40682766125   
73 876 0.34012553228933046 11.443337933858206 25.126846444268388 5.7431749277494248e+01 659.365235464038 5188.6118600492855   
74 888 0.32595798736747467 11.721238273160797 25.126846444268388 5.6931389131411976e+01 3066.132651395621 10175.332057210255   
75 900 0.30882772886662063 12.030444508135691 25.126846444268388 8.1779925665351158e+01 1715.0625516962712 14351.629419024339   
76 912 0.29201383544912574 12.267538032065737 25.126846444268388 1.5567798616391758e+02 2129.891196014502 6982.406619386311   
77 924 0.2743623262719301 12.87870732850619 25.126846444268388 5.5101552918652629e+01 295.4960142400571 2606.396559670498   
78 936 0.2620424876350611 13.08705465009647 25.126846444268388 5.6251752142655974e+01 423.3675134371611 8763.629785311743   
79 948 0.25750504935019003 13.631478823764716 25.126846444268388 6.7773065172807094e+01 1054.5904939094269 2694.8444612755343   
80 960 0.24140313150592324 13.724305518131152 25.126846444268388 6.8591601601000619e+01 407.4126727004959 3516.5284678587777   
81 972 0.23711990170591227 13.80095122795402 25.126846444268388 7.4403883437671169e+01 1297.4464186587984 3074.7200396607964   
82 984 0.23721075465169014 14.013520784916233 25.126846444268388 6.2705115288337844e+01 685.2058753889074 2943.081219755752   
83 996 0.23953324554895375 14.299150435159795 25.126846444268388 4.0061931001776721e+01 379.7136497888467 1457.26384329801   
84 1008 0.23367935532699055 14.31757410185177 25.126846444268388 3.6064000385286860e+01 187.23242748257857 2284.0096836934354   
85 1020 0.22383529463648158 14.665704638508972 25.126846444268388 4.5538853244683423e+01 133.32996226120372 4249.934802419207   
86 1032 0.21629294028866827 14.621821744335312 25.126846444268388 3.9727942382128504e+01 351.62715650055696 975.4966272691704   
87 1044 0.21631999060388926 14.802337378723234 25.126846444268388 3.8407773206613328e+01 1326.4073589698557 2386.10100968729   
88 1056 0.218467530352078 15.438258821203497 25.126846444268388 8.3791049291976094e+01 519.4847834545217 2183.112367308866   
89 1068 0.2169985261820644 16.024383979620545 25.126846444268388 6.0445177992744647e+01 319.3769186577064 926.7193557913929   
90 1080 0.20781258546718723 16.03323628040305 25.126846444268388 4.7715066666704047e+01 255.56616578662658 4898.0252694532   
91 1092 0.2050783166189765 16.521077726692013 25.126846444268388 4.6452535652826299e+01 462.9400523890411 2240.251248379186   
92 1104 0.20235552054675418 17.10170651130899 25.126846444268388 4.1010990664759277e+01 150.48758836140308 947.0727451289532   
93 1116 0.19797982815482185 17.157848470240523 25.126846444268388 3.6234437341475925e+01 156.394765327022 1960.2510934444317   
94 1128 0.19408977332337163 17.791749438402785 25.126846444268388 3.8154629561743107e+01 85.6506695906405 573.8653054202733   
95 1140 0.18324226580841177 18.04621638094132 25.126846444268388 4.2974022092491182e+01 102.77896046615707 1001.3786138863902   
96 1152 0.17854731742308463 18.485180400876235 25.126846444268388 4.6721134276716612e+01 233.21469657750004 2481.1687424169572   
97 1164 0.17390096370679908 19.35578239572613 25.126846444268388 5.4588539472273588e+01 276.7613658158509 2747.325096538859   
98 1176 0.17486336516220577 19.608025878390407 25.126846444268388 3.7310862409905518e+01 288.7116664668533 834.2873568048545   
99 1188 0.17447721315304154 19.579468127337677 25.126846444268388 4.1019397623207958e+01 211.41486423065095 749.772874270484   
100 1200 0.17427080550955118 20.091991220420848 25.126846444268388 3.6371369607737591e+01 353.13867706406614 1411.3479049219375   
101 1212 0.16771786729475396 21.273847503126937 25.126846444268388 3.6223101082115008e+01 225.76891771128538 1155.585356956858   
102 1224 0.16680471756166368 21.728770772460347 25.126846444268388 4.1411047713724550e+01 436.16802600787594 968.2832450993261   
103 1236 0.17105986103986207 22.503827796565933 25.126846444268388 5.6186905693269736e+01 237.79100429547273 794.0956575682386   
104 1248 0.17307327709974285 23.24784674854582 25.126846444268388 4.6028171490520513e+01 237.93668591673995 914.2113565777969   
105 1260 0.17764618289218806 23.82662019352582 25.126846444268388 3.7497357562246201e+01 60.692045671489964 378.19910766705584   
106 1272 0.17612341929502298 24.737069486026417 25.126846444268388 3.7202333785498716e+01 145.53425198384744 364.34600612116157   
107 1284 0.18317418773345517 25.287413358944608 25.126846444268388 3.7431055870566269e+01 324.3417164093976 954.5733901365751   
108 1296 0.16465298014530855 26.70624081777564 25.126846444268388 3.6022538169922015e+01 143.44615703969114 620.2519716380766   
109 1308 0.15790261990563764 27.761566677390586 25.126846444268388 3.7251439279528405e+01 85.89641891526216 380.24221436466325   
110 1320 0.16092034497566612 28.202062397620463 25.126846444268388 4.0466835373269539e+01 208.49190877874597 442.49746175638154   
111 1332 0.16495572380878035 29.227957036933393 25.126846444268388 4.3582015292890866e+01 89.5770037484137 443.51218055957975   
112 1344 0.1686470240787314 30.046736298098256 25.126846444268388 4.7183949922768200e+01 94.77108443947392 323.66172458245   
113 1356 0.16233886028701114 30.25240822106227 25.126846444268388 4.2388155869664899e+01 121.02341152666997 641.9845037042188   
114 1368 0.15916745425500067 31.25044100820433 25.126846444268388 4.0257021717731277e+01 55.438814212062184 630.0752220624331   
115 1380 0.15286601311130482 32.10228776175978 25.126846444268388 3.9595566006076126e+01 79.52576417128198 418.3998597954764   
116 1392 0.14465189016376206 32.802906415698814 25.126846444268388 4.4223173398421395e+01 138.0362437377355 426.6255914653352   
117 1404 0.13959482388650152 34.16900549259495 25.126846444268388 4.0818118002982565e+01 73.05370260646994 178.36982700606202   
118 1416 0.14029423902982502 34.52141928842081 25.126846444268388 3.9714114984764940e+01 100.74961579186751 207.04719931623316   
119 1428 0.14127827824089875 35.67345301382946 25.126846444268388 3.5668001409148147e+01 73.88066456906644 179.6240822665555   
120 1440 0.13674081087252798 36.78776007912798 25.126846444268388 3.8945942227144435e+01 99.8668031273028 337.5274831652205   
121 1452 0.13474827372687273 37.89849355760546 25.126846444268388 3.6345447729078820e+01 55.53750955059192 275.3799699598708   
122 1464 0.1329393491996438 39.745706066963955 25.126846444268388 3.7833156962732041e+01 66.16583788879427 176.55496469431867   
123 1476 0.1290546880246722 40.472893334261094 25.126846444268388 3.6692668515791745e+01 52.7215455327104 91.96930804916266   
124 1488 0.12895381424051575 40.821725907521866 25.126846444268388 3.7177890492050338e+01 47.87793038991082 150.51464341420458   
125 1500 0.13154070541101873 42.87181786619137 25.126846444268388 3.5160003046726672e+01 45.30471775470377 92.97783699117622   
126 1512 0.12931104092572535 43.57821754562841 25.126846444268388 3.5580533440120895e+01 75.90753710037599 263.4059070993658   
127 1524 0.1235603101080682 44.56300631985871 25.126846444268388 3.8978531016178522e+01 53.3551368867936 224.84281290567398   
128 1536 0.11829928822289824 45.56241712760215 25.126846444268388 4.0891401949093122e+01 69.47845159861143 140.1701465000919   
129 1548 0.11595504905606982 46.861233812799384 25.126846444268388 3.6664468730666172e+01 62.18340416625456 157.36099740931252   
130 1560 0.11674201183186146 47.74964861210202 25.126846444268388 3.6405453916125637e+01 48.147679476118746 220.55695460296116   
131 1572 0.1176373918117996 50.182573476422185 25.126846444268388 3.4650673757631907e+01 50.288353200497 180.4584231645299   
132 1584 0.12240227424052856 52.64659220581926 25.126846444268388 3.6825615563326053e+01 49.535760926908964 125.54991667392981   
133 1596 0.12327696348137111 54.497786290588714 25.126846444268388 3.6926765964672200e+01 61.924179613742574 110.20132584935811   
134 1608 0.12537060578614947 56.69020830861801 25.126846444268388 3.2908965894041465e+01 44.68372058275928 125.91017493924122   
135 1620 0.12824005606423183 57.48559854644235 25.126846444268388 3.4182227188795721e+01 51.1516836713955 131.63392569496042   
136 1632 0.13760053936766187 58.431052548334726 25.126846444268388 3.4202474232853994e+01 40.36072652831354 70.19888473821106   
137 1644 0.13918654833572844 60.009956822298115 25.126846444268388 3.6794055244803666e+01 46.597709869313164 86.70579347206278   
138 1656 0.13894355820443285 61.28050646243391 25.126846444268388 3.7441924665448610e+01 48.71843745984273 76.56774477852727   
139 1668 0.13543411688063686 63.07959124556938 25.126846444268388 3.5480643445167502e+01 44.84277453847453 144.28252353020676   
140 1680 0.13767626185395082 65.73172659062519 25.126846444268388 3.5700638466279280e+01 65.39133760414158 191.73762780879767   
141 1692 0.1441316274694961 66.92782563842984 25.126846444268388 3.3710322202449667e+01 39.55339359340607 148.96551576498308   
142 1704 0.1475650583677609 68.48589723289264 25.126846444268388 3.5579410090311967e+01 52.82086691275328 87.3167591268259   
143 1716 0.14076123777796007 69.85521213680316 25.126846444268388 3.5862034436044254e+01 42.644213200330064 70.33826327586637   
144 1728 0.13701731293544903 69.92221803150616 25.126846444268388 3.2676691438097698e+01 43.85922271391188 147.90054218698043   
145 1740 0.13434783276237686 72.80608772197618 25.126846444268388 3.3936833315968656e+01 48.6694119779863 150.03446521177452   
146 1752 0.13454147386454549 75.55140981114401 25.126846444268388 3.2703480864945583e+01 42.435746595152125 79.96273723801265   
147 1764 0.13482130792364339 78.45053520257115 25.126846444268388 3.1519856835833796e+01 38.56585429062339 82.05393940231097   
148 1776 0.13586327072870194 80.7784857137117 25.126846444268388 3.1611933158525041e+01 37.43743733103453 76.82438768466379   
149 1788 0.13392294686743042 82.83736068324211 25.126846444268388 2.9893047709598328e+01 37.25253129852758 121.10619071268493   
150 1800 0.13733165464080324 84.57487964397139 25.126846444268388 3.0485305504338566e+01 35.68426780053152 75.79451782803794   
151 1812 0.138899133685669 87.31081690301264 25.126846444268388 2.7001991694019395e+01 37.5191431418664 69.0761133683544   
152 1824 0.13694002054332577 88.3786165540808 25.126846444268388 2.8504891513947115e+01 31.45395572447402 77.33337565362896   
153 1836 0.13044579813350532 89.88039228475921 25.126846444268388 2.7770484373730731e+01 33.05151932111275 74.75570409495555   
154 1848 0.12669587219715828 93.46793124515175 25.126846444268388 2.7964680322315356e+01 35.490976310547126 66.01414431397596   
155 1860 0.11896264209354089 97.71464138628065 25.126846444268388 2.9410903638243543e+01 34.14419657090614 63.40678370240303   
156 1872 0.12404740274939398 98.61289318276297 25.126846444268388 2.9527027671298299e+01 33.30728283579175 44.313767282201326   
157 1884 0.1276504523609124 101.97611515414427 25.126846444268388 2.8988354763433534e+01 34.467443879105645 69.63117490727853   
158 1896 0.12657246946027498 104.04960879124953 25.126846444268388 2.7794338885985869e+01 32.130203478717036 78.30787982589547   
159 1908 0.13020395225038967 111.92820184162021 25.126846444268388 2.7561792760087432e+01 31.351816576725593 46.23756662253273   
160 1920 0.13323959212035238 115.52339816146043 25.126846444268388 2.6544758010179230e+01 30.57286768195523 63.62528773470574   
161 1932 0.1373872071038696 116.1907375460087 25.126846444268388 2.5707157735838749e+01 31.438589286894235 68.12101241099307   
162 1944 0.14039495592261306 123.91445540336214 25.126846444268388 2.5620351308295142e+01 29.22686170526521 65.49646488277392   
163 1956 0.14308841536363812 125.70790500093165 24.267240032936225 2.4267240032936225e+01 27.927938865157614 40.44282334200774   
164 1968 0.14868349812721973 129.4149150224978 23.776404264433726 2.3776404264433726e+01 27.014220832785934 52.57575281685105   
165 1980 0.15073874444722324 133.104109602453 22.91866268411984 2.2918662684119841e+01 28.206501079659024 57.75301617451908   
166 1992 0.15744499209825816 141.13936442147494 22.281661152719238 2.2281661152719238e+01 25.74825439937212 42.867631430498875   
167 2004 0.16658212519743865 146.17033596330188 21.681498104091197 2.1681498104091197e+01 27.901705253822534 33.49132148611032   
168 2016 0.17463774424757048 147.86280896885833 18.367020466625114 1.8367020466625114e+01 26.816708691493073 46.546350646978794   
169 2028 0.1830301653419135 151.91549820911376 18.367020466625114 1.8724271022145821e+01 25.815341311200992 49.614099198374575   
170 2040 0.1869330832716486 157.79714442640883 17.856312666917226 1.7856312666917226e+01 23.97136581538333 52.88234304108953   
171 2052 0.196090621662481 161.93861181812596 16.372323274173702 1.6372323274173702e+01 20.278905667418297 28.723834026746573   
172 2064 0.20767470797842494 164.52141013090952 16.372323274173702 1.6555887337376678e+01 21.761269255212007 57.995949464115604   
173 2076 0.22325190702146647 170.92343932760275 15.51996873488394 1.5519968734883941e+01 22.907095431983787 90.15701863647537   
174 2088 0.21717349792039645 174.36207833814095 15.51996873488394 1.6221325441779161e+01 25.897156329966474 37.70310585386109   
175 2100 0.22020049732918598 179.1504420492256 15.51996873488394 1.6478261265344273e+01 20.945905747022437 65.6239758889508   
176 2112 0.2238022837533781 183.6379909124398 15.51996873488394 1.6493371482761944e+01 27.479209858867158 44.45191151768067   
177 2124 0.23398062126086003 190.56696243705665 13.732523270613628 1.3732523270613628e+01 20.526136835164184 28.494027162695783   
178 2136 0.23942294960790855 191.43920307131285 13.732523270613628 1.4332691983029912e+01 17.14616044815268 24.894426098150028   
179 2148 0.23638100679006258 191.9468471757297 13.732523270613628 1.4241818656422030e+01 23.099417722315202 54.10981586522624   
180 2160 0.23067726830540453 199.3179972552066 13.732523270613628 1.4171851498526987e+01 19.659303786900914 39.548873127635694   
181 2172 0.23007222967497015 202.44374323547385 13.732523270613628 1.4615662638415195e+01 24.111404530265098 45.39104889197321   
182 2184 0.233380662538403 206.7172002071442 13.213196247019901 1.3213196247019901e+01 21.030480170463946 31.647284782064503   
183 2196 0.23254915725184605 208.83195172922518 11.138809498731312 1.1138809498731312e+01 16.499442238335156 19.772918153443133   
184 2208 0.2391229425223556 214.9171072928418 11.138809498731312 1.1357104671779460e+01 15.849381552439045 26.337293370812205   
185 2220 0.24022800870769298 217.49830627108102 10.78945839469414 1.0789458394694140e+01 15.187364325835047 31.35959336289354   
186 2232 0.2563744429559847 221.67600487134973 10.113413420327404 1.0113413420327404e+01 12.87893876739683 27.622581971938367   
187 2244 0.2589104012395288 220.06384268932692 10.113413420327404 1.0941156347844707e+01 17.69411221260193 32.34066519085307   
188 2256 0.2515607322905643 226.49065551336204 10.113413420327404 1.0188944279059616e+01 16.495584262127934 58.14024558639808   
189 2268 0.23783746479648746 233.0854946564339 9.283319506407741 9.2833195064077412e+00 14.435415733821955 25.356645910104632   
190 2280 0.22928177285466564 235.5576665700369 9.283319506407741 9.3388665310050651e+00 14.619679441996176 28.86842511275259   
191 2292 0.22963160243517472 239.13800895515604 9.15249028820728 9.1524902882072805e+00 11.375449042768773 16.65314168123188   
192 2304 0.23055936200271707 242.41901139522432 7.6470716130483725 7.6470716130483725e+00 11.423860172096912 22.99127340537831   
193 2316 0.2379526154735342 247.61399154377585 7.175510290876545 7.1755102908765451e+00 9.557768744650044 21.261129840553043   
194 2328 0.23034056670817984 250.34063062125836 7.092029460138101 7.0920294601381011e+00 13.420360056361796 22.171185762030035   
195 2340 0.23665917785830756 257.37135802200237 6.4731147921473555 6.4731147921473555e+00 9.948733553741127 12.478639328339135   
196 2352 0.23542504041733592 258.228429522293 5.397128046533788 5.3971280465337879e+00 9.590194653794466 33.663602059004525   
197 2364 0.23958179837994062 264.16291277341844 4.935578241497186 4.9355782414971863e+00 7.657598848858391 23.729360166002017   
198 2376 0.23818335911033336 266.95467515355983 4.935578241497186 5.4924936060682263e+00 8.48803282084355 11.632726492784547   
199 2388 0.23496806143556898 269.9201758446049 4.935578241497186 6.2020277028016322e+00 8.705589480915375 15.611369051816478   
200 2400 0.23772048330044107 276.11473957049185 4.935578241497186 5.0436295698058542e+00 7.334191676859931 13.346298609438676   
201 2412 0.22404002283772112 273.8560482627168 4.935578241497186 5.3009578470878536e+00 7.063608290232975 40.787624701100654   
202 2424 0.214625853685075 281.5953264232714 4.86083890029634 4.8608389002963399e+00 6.758445197354902 17.811302763558505   
203 2436 0.21510148242309077 287.85150692405034 4.544602593078873 4.5446025930788734e+00 6.866357595201314 9.621769170657451   
204 2448 0.1969529199908378 292.997237232156 3.9423985070820846 3.9423985070820846e+00 6.725735148473633 9.6370966958308   
205 2460 0.1873764528287908 296.7671263178885 3.7590929538808955 3.7590929538808955e+00 5.429417885280772 10.009786416064998   
206 2472 0.1748793413326894 294.1332542775585 3.7590929538808955 3.9535677343625415e+00 5.329603126607102 7.734254992226712   
207 2484 0.173785238660973 289.16841382204103 3.7590929538808955 4.1816689270305787e+00 5.569062017844599 12.983804943430883   
208 2496 0.1752148608463858 297.64161643788407 3.323180768049641 3.3231807680496410e+00 4.237564256654268 10.064087789547965   
209 2508 0.1796109635242732 303.1309458664349 2.6685383142986963 2.6685383142986963e+00 4.3122549377734405 5.926746959345064   
210 2520 0.1846040292809408 302.730027623229 2.6685383142986963 2.9866230492026600e+00 4.25822578393489 5.232709551151292   
211 2532 0.18953185197521996 308.46818567715303 2.118196799070785 2.1181967990707848e+00 3.7779638156937896 5.615221670774763   
212 2544 0.1937464477702602 312.62534336298626 2.118196799070785 2.5849697375520688e+00 5.40022926325072 18.68179383674714   
213 2556 0.2017592998327815 327.2825681149114 2.118196799070785 2.2965728309970128e+00 3.6497336412085777 8.323804039279405   
214 2568 0.21048174757145133 334.63892148729184 1.6385430864049133 1.6385430864049133e+00 3.0584224783442786 6.302474379231166   
215 2580 0.20862701520304736 334.2326349688248 1.4150124078149775 1.4150124078149775e+00 3.233648420929908 6.094860528485621   
216 2592 0.20571350181583956 336.71549126262806 1.4150124078149775 2.0284193525613130e+00 3.511841343875054 7.726035823779968   
217 2604 0.21006925514651942 342.98079600388814 1.4150124078149775 2.3264843130059134e+00 4.1672716252286515 12.242942758580954   
218 2616 0.1927782579792531 352.06057353077176 1.4150124078149775 2.2304474721011860e+00 3.7683729619490585 16.19068979286725   
219 2628 0.18328970067159808 364.1504009086353 1.4150124078149775 1.5030681143440439e+00 2.422443213350662 3.6034402237364596   
220 2640 0.18143245926299842 360.7853016950528 1.4150124078149775 1.5292229266969399e+00 2.175395942889102 3.8758406546140822   
221 2652 0.18818500421249415 360.42070959625386 1.1433367175920524 1.1433367175920524e+00 2.2674888893709575 7.4448788367672245   
222 2664 0.19992151732212665 365.8556642784393 0.8672132393375457 8.6721323933754568e-01 1.7355819967329498 4.514897317308634   
223 2676 0.20900648262597538 369.6839312742189 0.8672132393375457 1.1444718788755714e+00 2.2412105795132815 9.45034700649492   
224 2688 0.21920029527951948 386.9583391088488 0.7628855005197577 7.6288550051975768e-01 2.0667040707846516 4.2317278406285554   
225 2700 0.21858358711179193 391.96937067509367 0.7186185318563936 7.1861853185639357e-01 1.532452582399571 3.29182899202375   
226 2712 0.2208367181107256 389.22702840929094 0.7186185318563936 8.8441345469923471e-01 1.7895453164582351 6.026916609597337   
227 2724 0.21960507993798176 397.9002686773595 0.7186185318563936 1.0898536220344679e+00 2.2035097687109033 7.879602454660658   
228 2736 0.20447494688590245 404.6793504442306 0.7186185318563936 8.5109187086819194e-01 2.199509652777396 3.629131205144377   
229 2748 0.18980283564534764 406.48901559411047 0.7186185318563936 7.3573301078494902e-01 1.6147510593858572 4.453487441767312   
230 2760 0.18230337563166193 418.5174167542294 0.4124779574190913 4.1247795741909132e-01 0.8490264038383997 2.665608808270348   
231 2772 0.17121498814056976 423.46835958566413 0.29163912231658656 2.9163912231658656e-01 1.6338899094629316 2.5313463264745426   
232 2784 0.16996577972475485 428.71046100181235 0.29163912231658656 4.9419041038717754e-01 0.8185179060942244 2.3775259382530467   
233 2796 0.1654802032590943 432.7145868722363 0.27999597764602946 2.7999597764602946e-01 0.9527308596604502 3.2486620979906102   
234 2808 0.16226964294507398 438.69256134316964 0.27691277191145225 2.7691277191145225e-01 0.689099092308548 2.030121592843223   
235 2820 0.15760857258277866 446.4375160832946 0.27691277191145225 2.9357802548163980e-01 0.8350316355222859 2.996016973612754   
236 2832 0.1469631179240883 453.0185357869028 0.27691277191145225 3.7371293964542274e-01 0.6975845056053822 2.7284129741035406   
237 2844 0.1333820840486294 463.50644946708576 0.27691277191145225 3.9698632529809436e-01 0.8976973653986177 1.3585156018909095   
238 2856 0.1234790243541741 472.2473297019227 0.27691277191145225 2.9953035069384404e-01 0.6065724063562701 2.023356538561863   
239 2868 0.11520600061188789 488.78200381438336 0.27377081951586746 2.7377081951586746e-01 0.5533319182299576 1.5889327681769925   
240 2880 0.11102442381528127 500.15596202872354 0.27377081951586746 3.0490990690652692e-01 0.4866327019245418 0.8921545086389275   
241 2892 0.1067910377655448 508.5487216961064 0.2270181919486344 2.2701819194863440e-01 0.48348058333214095 0.8445161197261599   
242 2904 0.10289072408714878 506.7321475203052 0.2270181919486344 3.0199914290559898e-01 0.4492059959532535 0.988650893048245   
243 2916 0.10396614983132625 512.3941517187415 0.2270181919486344 2.5420623272350801e-01 0.3803252855924536 0.6648735315510209   
244 2928 0.1045121389473519 518.5339848876644 0.2270181919486344 2.8698528156899977e-01 0.5036208162120529 0.7236822518592486   
245 2940 0.09968296499130343 526.6533383022884 0.2270181919486344 3.1981513490847013e-01 0.5556845320414733 0.7373985216728134   
246 2952 0.09339090622070305 531.8469238159499 0.14866114376431913 1.4866114376431913e-01 0.3546921329295832 0.5244419635588452   
247 2964 0.09204043118741491 526.5977073018838 0.14866114376431913 2.0212219733048797e-01 0.3604404282019167 0.6489002567884643   
248 2976 0.09056500344333943 558.8414533532371 0.14866114376431913 1.6489461394674670e-01 0.2565182267832095 1.4037231915651585   
249 2988 0.09215418712333365 567.3061169302667 0.11208377308374624 1.1208377308374624e-01 0.21805125504733683 0.4209169038310805   
250 3000 0.08983641354894177 571.1490777264152 0.11208377308374624 1.3549533765297939e-01 0.2520124622195601 0.3403154413642486   
251 3012 0.0857789910619441 567.3752517923548 0.11208377308374624 1.3449484493095548e-01 0.2305787776359794 0.47619570192274213   
252 3024 0.07962294166333601 565.8511821909459 0.11208377308374624 1.3253689893004339e-01 0.30887848383446814 0.4229878661083534   
253 3036 0.07520476884289207 566.3398508321361 0.11208377308374624 1.2337442511529520e-01 0.1980054023559707 0.9034913021656311   
254 3048 0.06937118634067994 587.9157176585584 0.07115605743562012 7.1156057435620118e-02 0.23247923795553135 0.4005181177992299   
255 3060 0.06950815140639924 608.2784555109556 0.07115605743562012 1.1718407908074556e-01 0.21065229242272576 0.3179798176673812   
256 3072 0.06882193644560229 621.0783230533128 0.07115605743562012 1.4767854417658571e-01 0.19087059259196493 0.26834831569605144   
257 3084 0.06477037997303459 634.3600395573574 0.07115605743562012 1.0707752150076617e-01 0.22893110491125918 0.39010972249286135   
258 3096 0.057660703210061 649.3726155068103 0.07115605743562012 1.1276240522630764e-01 0.18022688026305742 0.30298594341519947   
259 3108 0.05474933541323962 643.5343134791877 0.07115605743562012 1.0393287410592433e-01 0.12409945339692204 0.23208915430408822   
260 3120 0.05125450682381974 652.554156646375 0.07115605743562012 8.4103930250510550e-02 0.13098167747178577 0.18878351687540626   
261 3132 0.04790020628128959 656.1380289672612 0.07115605743562012 7.7567494656962790e-02 0.12530123364699403 0.2241168580918177   
262 3144 0.04664181654973181 656.6938649298138 0.06740876586911597 6.7408765869115969e-02 0.0979119395315442 0.14953055257219502   
263 3156 0.04377394487766463 651.5911926545081 0.06740876586911597 7.5139840777315739e-02 0.0968937405145917 0.18190738574542703   
264 3168 0.0422569892059885 652.2449803405962 0.06740876586911597 7.4533189089758950e-02 0.09973968228220742 0.12716322267800328   
265 3180 0.041277999199111785 678.6866650636639 0.057131898647917574 5.7131898647917574e-02 0.08310525702244163 0.12105523752391592   
266 3192 0.03937355365582769 690.3572992824355 0.057131898647917574 6.0852934202066881e-02 0.07232393599404018 0.10582972746219257   
267 3204 0.038401908713805624 690.1423412034347 0.041072709134746484 4.1072709134746484e-02 0.08856015330347228 0.13315490384924952   
268 3216 0.037839170011949 691.4730771333295 0.03984890447166466 3.9848904471664663e-02 0.06291765653236267 0.08246104887968125   
269 3228 0.03889297621225872 690.1825357376421 0.030462233472627297 3.0462233472627297e-02 0.053950924933809374 0.0914246964990235   
270 3240 0.03985532863352655 682.4037521702014 0.027654537698391175 2.7654537698391175e-02 0.047672603969945035 0.08629823896272593   
271 3252 0.04242932590316622 705.7684750015409 0.027654537698391175 3.4950761308082556e-02 0.05485095503695011 0.11415117905303468   
272 3264 0.044757341590124025 729.1326894115067 0.027654537698391175 4.0134974629469612e-02 0.058168479594296676 0.09141625662474812   
273 3276 0.046483012479121885 732.1287063355838 0.027654537698391175 3.6130537891641924e-02 0.056344071764604986 0.0955402408836856   
274 3288 0.04666490533819888 725.4861478494663 0.027654537698391175 3.3707782388764422e-02 0.059681281440185606 0.11694182706949496   
275 3300 0.044028683916532446 728.1480711860218 0.027654537698391175 3.7693948508506978e-02 0.06998251646822737 0.08549275297528758   
276 3312 0.04016260276152341 723.8547955675746 0.027654537698391175 2.9121987551366038e-02 0.052059119541502136 0.11632511994628941   
277 3324 0.0396837254217949 724.9513803531463 0.02681618918800246 2.6816189188002462e-02 0.04099435991115384 0.056602889259485756   
278 3336 0.03943981392918228 725.0638083081752 0.023930549166996527 2.3930549166996527e-02 0.043572212609973314 0.10067467729673166   
279 3348 0.042165462819312716 737.6756443663737 0.023930549166996527 2.7582981745218352e-02 0.03823213374648872 0.06580905758319798   
280 3360 0.043524717723760306 744.0904158992336 0.01978684555283313 1.9786845552833131e-02 0.04682259248751617 0.05706089573617663   
281 3372 0.04491200496774322 743.5846777501256 0.01705347542620997 1.7053475426209969e-02 0.0362084850089095 0.0783655027800099   
282 3384 0.04366237684756265 735.6625070606574 0.01705347542620997 2.8026993059088675e-02 0.04482584270195167 0.08967127557195675   
283 3396 0.044931725070743105 741.6953328181637 0.01705347542620997 1.7111280972790847e-02 0.038240275755257604 0.05262223322866758   
284 3408 0.04504392325766471 743.4211688194856 0.01705347542620997 2.4381160062861118e-02 0.04061784028017391 0.06703743200059013   
285 3420 0.042819678113340906 739.7307655511091 0.01265418836171207 1.2654188361712070e-02 0.03217559673944842 0.055704047821572504   
286 3432 0.041590190364870015 732.5141139320602 0.008781167847177359 8.7811678471773590e-03 0.033764087665308536 0.03913039840825613   
287 3444 0.04028552202291351 734.8539862058394 0.008781167847177359 1.6206358834387022e-02 0.02790230975847908 0.05888108075813866   
288 3456 0.038610612783793595 745.4558670222096 0.008781167847177359 1.5598191118374283e-02 0.04080227105724324 0.05483739353375386   
289 3468 0.03656892319513899 754.1605534226396 0.008781167847177359 1.5303320847731330e-02 0.02382470781130126 0.03586127131021303   
290 3480 0.035064079169261214 764.8631493071734 0.008781167847177359 1.2159137716487580e-02 0.019758531620280243 0.042117975632361596   
291 3492 0.03288689373801277 766.914727639766 0.008479797994400826 8.4797979944008263e-03 0.02293884674208093 0.04139619475943128   
292 3504 0.031997299018839694 775.5448448050761 0.0075509318562871075 7.5509318562871075e-03 0.017511922683722737 0.04592711559107503   
293 3516 0.03222156798455113 793.9693279674694 0.0075509318562871075 1.1998018988459737e-02 0.01930904739497986 0.04693997143951529   
294 3528 0.031010595806406815 821.3743226084927 0.0075509318562871075 8.8561720907646274e-03 0.01917837533566166 0.0323557081659116   
295 3540 0.027935682935419422 814.4071737516122 0.00514646704238728 5.1464670423872804e-03 0.0169525961506315 0.02559309139541403   
296 3552 0.0258189087860457 810.232514669504 0.00514646704238728 7.0006740351763507e-03 0.01646828642030455 0.020688241247296818   
297 3564 0.024695730660234574 822.9492235714275 0.00514646704238728 7.7115067265832397e-03 0.015418496225032472 0.02350435838423644   
298 3576 0.02309236630837504 820.4618058278463 0.00514646704238728 6.6514966597647695e-03 0.013135410712560872 0.021010170310305724   
299 3588 0.021974320681073387 851.5533832674982 0.0036889539601823403 3.6889539601823403e-03 0.010751958210285725 0.015103279733549102   
300 3600 0.022470653671162924 869.3724955090647 0.0036889539601823403 4.3651678390349731e-03 0.009202642097288268 0.011763290241206986   
301 3612 0.02207612272389166 877.5927463959063 0.0036889539601823403 4.6596257625082186e-03 0.006731635177452875 0.010497110725478008   
302 3624 0.021402983997219866 861.4394824308662 0.0036889539601823403 4.4153381272007955e-03 0.008197850710426505 0.012070790585551655   
303 3636 0.019180975399483293 870.5730283460971 0.0036359121710791953 3.6359121710791953e-03 0.0066736395182979405 0.015579844371463954   
304 3648 0.017606633655579382 888.481880076544 0.00243079170183256 2.4307917018325598e-03 0.004812052636569574 0.009077268641513456   
305 3660 0.015861967182302063 902.0772960588813 0.0021832337207006833 2.1832337207006833e-03 0.0035739990321347467 0.008040245901712215   
306 3672 0.015071100431449403 897.0424716364431 0.0021832337207006833 2.1833375616623313e-03 0.003960478989034354 0.007312443043413742   
307 3684 0.013954153506426635 892.6874832817011 0.0020716367364966323 2.0716367364966323e-03 0.0031370660277830554 0.005789463682547153   
308 3696 0.013250849403146832 901.924811838608 0.0020716367364966323 2.1147686760290725e-03 0.0031422652061663635 0.004269793399340056   
309 3708 0.012706231895800203 917.5514105194702 0.0015131744228761754 1.5131744228761754e-03 0.0024732183324026424 0.0035131526002284605   
310 3720 0.011863020741791838 918.1715468526053 0.0015131744228761754 2.0847412804987221e-03 0.002823612513656094 0.0053895822678434934   
311 3732 0.011074101641330006 922.1898136496975 0.0015131744228761754 1.9763796294921159e-03 0.0022778483793126623 0.0034612798492189836   
312 3744 0.010409520980710608 910.3848431289176 0.0012843534049087927 1.2843534049087927e-03 0.0029092158142202803 0.004013371469031691   
313 3756 0.009885443769583693 901.7164475480757 0.0011000514934110686 1.1000514934110686e-03 0.002358950901911272 0.0031008798330532106   
314 3768 0.009563787536650766 886.8715401450042 0.0008306292658362514 8.3062926583625139e-04 0.002118926760653417 0.0032628683912410013   
315 3780 0.009350836681477934 893.624594944226 0.0006552234302103585 6.5522343021035846e-04 0.0013827807325340444 0.002084401845149588   
316 3792 0.009424360571607547 889.288761461784 0.00021553314037120791 2.1553314037120791e-04 0.0011920325096150043 0.0020799072065368334   
317 3804 0.009175980775133853 883.0343427785793 0.00021553314037120791 4.8455169707930558e-04 0.0009594592781709818 0.0016894735713346893   
318 3816 0.008587242885038912 873.2240914267609 0.00021553314037120791 6.5553195027286289e-04 0.0009993349835341558 0.0016097131129110785   
319 3828 0.008316930855791767 878.6164060840115 0.00021553314037120791 3.3992903759432277e-04 0.0009483146782278194 0.0012898514470499236   
320 3840 0.008377774359460737 899.2149857921012 0.00021553314037120791 4.3564246721690202e-04 0.0008258001459092873 0.0015789848651352923   
321 3852 0.008213023558651316 927.2973181016173 0.00021553314037120791 3.5752421461518469e-04 0.0007703292136145638 0.00184403781551489   
322 3864 0.007461490360683804 943.8868193059155 0.00021553314037120791 3.0374472309988216e-04 0.0005405773660949695 0.0009479680041362122   
323 3876 0.006888374396027873 938.4833311808054 0.00021553314037120791 4.1678931964658772e-04 0.0008583298465790523 0.0011420775477328417   
324 3888 0.006509108065784959 955.2008994703573 0.00021553314037120791 3.1019211070044554e-04 0.000523640433133467 0.000801697120264591   
325 3900 0.006364351856685376 960.9665474741687 0.00021553314037120791 3.0368829881339101e-04 0.0005905639332426064 0.0009181156963780923   
326 3912 0.006184605420586501 945.7856893917393 0.00021553314037120791 3.0287690801019659e-04 0.00051047182359605 0.000735492101939709   
327 3924 0.006057350008375373 982.1902502033153 0.00020146574557315845 2.0146574557315845e-04 0.0004238954044410987 0.0008373739871466161   
328 3936 0.005775761886888284 969.8443048806332 0.00020146574557315845 2.3643748119660729e-04 0.00043334976599650063 0.0007562730974372408   
329 3948 0.005514874246439915 976.8839140579096 0.00020146574557315845 2.5674320573701247e-04 0.00042769309193247404 0.0006955939190493095   
330 3960 0.005486118212035201 973.9206786873826 0.00020146574557315845 2.6013443065957427e-04 0.00036485744071540385 0.0005216857487678256   
331 3972 0.005024208189406358 968.2368559648061 0.00019240714971765656 1.9240714971765656e-04 0.0003402558167268203 0.000587214476638513   
332 3984 0.004864806593790672 975.4823879079166 0.00017160116906815692 1.7160116906815692e-04 0.00032457568146162597 0.0004130378231068095   
333 3996 0.004595373490535749 972.2899098180891 0.00016093763743326583 1.6093763743326583e-04 0.00028918480348519765 0.00041198072227434927   
334 4008 0.004297880911172978 973.5850575685521 0.0001478427456583593 1.4784274565835930e-04 0.0002954541969831071 0.00042926589000484485   
335 4020 0.0038515568041473007 975.9860960455544 0.00010656241998312667 1.0656241998312667e-04 0.00021595133730932165 0.0004069824697297032   
336 4032 0.0036351596170059635 956.9473585599882 0.0001041982621151694 1.0419826211516939e-04 0.0001972046238471142 0.00027144275302234445   
337 4044 0.0033188838410749036 968.2643181470199 0.0001041982621151694 1.3599577095552810e-04 0.00020167701395909773 0.00024141700320168453   
338 4056 0.0030464005707989362 971.9856090118309 7.590817409565723e-05 7.5908174095657235e-05 0.00018166642550761713 0.0002602528266496723   
339 4068 0.002892317938662806 966.7995255182008 6.855925660584259e-05 6.8559256605842591e-05 0.00011586561542384733 0.00022084461919162293   
340 4080 0.0028479415517884657 960.7161780592538 6.153462692023375e-05 6.1534626920233755e-05 9.322942565269584e-05 0.00011833319323540671   
341 4092 0.002760477279337959 967.1832661749154 5.119366272583926e-05 5.1193662725839263e-05 0.0001049084288206715 0.00015460264772457699   
342 4104 0.002601407408907904 970.2440876947062 5.119366272583926e-05 6.1677457433247408e-05 0.00010191373477212102 0.00012437966724511762   
343 4116 0.002430413099689867 966.0302165246536 5.119366272583926e-05 5.2486454465395111e-05 9.600425290924294e-05 0.00012400715899189596   
344 4128 0.002383820167870476 988.900488434617 5.002162897425323e-05 5.0021628974253229e-05 9.237145401233284e-05 0.0001553962922742586   
345 4140 0.0023146559552912867 971.1118777850618 3.6077160143775086e-05 3.6077160143775086e-05 7.926989602259603e-05 8.826968208856374e-05   
346 4152 0.0023642517462690764 998.1797672932074 3.381099740702656e-05 3.3810997407026562e-05 5.3077345269047504e-05 6.40821818568356e-05   
347 4164 0.002354310450453382 1009.3789647729075 3.381099740702656e-05 3.4299868851432259e-05 6.281780180313547e-05 9.723228298993534e-05   
348 4176 0.0023171167532484533 1018.6955796840564 3.381099740702656e-05 4.0284134902628567e-05 6.909252857835538e-05 0.00010047166124157692   
349 4188 0.002222363681854285 1008.8945663503216 3.381099740702656e-05 3.7220063646618811e-05 5.785611793622442e-05 0.0001230513885668847   
350 4200 0.0021542073340210747 1016.850477972836 3.381099740702656e-05 4.3654691979946534e-05 5.762838627985931e-05 9.17654386144007e-05   
351 4212 0.002122729304892442 1018.9717606451766 3.339719822623836e-05 3.3397198226238360e-05 6.018439336215505e-05 0.00010264262767217416   
352 4224 0.0019570566473700955 1004.9969637523842 2.175223313061865e-05 2.1752233130618649e-05 4.442790352515997e-05 0.00014108554427335763   
353 4236 0.001938099700139581 1010.3921481223781 2.175223313061865e-05 2.4458186759642438e-05 4.266014359881417e-05 6.269870245684913e-05   
354 4248 0.0017651464361826306 999.8454265211798 1.732401446436926e-05 1.7324014464369259e-05 3.3405668004487476e-05 5.240518118878494e-05   
355 4260 0.0016723435659969786 993.8228011513896 1.732401446436926e-05 1.7471381666095093e-05 3.250054495653379e-05 6.499758176123588e-05   
356 4272 0.0015718963266969158 997.4748014901801 1.732401446436926e-05 2.0918176726983347e-05 2.757966220278735e-05 4.308614087602955e-05   
357 4284 0.001485473581885831 1018.0444494450649 1.1566226445415615e-05 1.1566226445415615e-05 2.9883211103035448e-05 4.3136384278882385e-05   
358 4296 0.0013649768728248343 1023.0651534316804 1.1566226445415615e-05 1.2440968330587824e-05 2.2247752491536678e-05 3.4409913903914286e-05   
359 4308 0.0013501188769366127 1033.3603671512815 9.231045114512043e-06 9.2310451145120426e-06 1.368805717103088e-05 2.7750729445389027e-05   
360 4320 0.0013214215960686607 1046.2517560764668 8.462875995629042e-06 8.4628759956290416e-06 1.719631666262553e-05 3.279350303818144e-05   
361 4332 0.0013650578798626756 1015.2377563994353 8.462875995629042e-06 1.1265180804804899e-05 1.5053956283614496e-05 2.1408260614372248e-05   
362 4344 0.0013882797392564378 1029.7535099565598 8.090154142521066e-06 8.0901541425210658e-06 1.5924774751077138e-05 2.9036404276040353e-05   
363 4356 0.0013267968531744067 1034.6892070283855 5.829129085397543e-06 5.8291290853975432e-06 1.8320655636705938e-05 2.6257040283341722e-05   
364 4368 0.0012769518499592637 1054.867204534709 5.829129085397543e-06 6.5541432926810420e-06 1.3522131793287821e-05 2.3860152549536996e-05   
365 4380 0.001218546490230767 1055.9418794832236 5.829129085397543e-06 7.4486180339997638e-06 1.3409265143677413e-05 1.993048696234787e-05   
366 4392 0.0012035143483577872 1040.9860211236169 5.829129085397543e-06 7.1446922054410348e-06 1.2256900911886863e-05 2.1523634683530304e-05   
367 4404 0.0011562630685924527 1061.6901974490982 5.829129085397543e-06 5.9356954742755289e-06 1.3136043018260579e-05 1.7016745648023582e-05   
368 4416 0.001077529387863669 1068.2337091881539 4.85289969434132e-06 4.8528996943413201e-06 1.0028291777977343e-05 1.5871267837919592e-05   
369 4428 0.0009922884860817914 1069.1894432172555 4.85289969434132e-06 5.4840145268738956e-06 8.873812548586161e-06 1.7900932358232457e-05   
370 4440 0.000946483548595037 1082.599403215499 4.441362145876567e-06 4.4413621458765670e-06 7.982195729392938e-06 1.1240077452000963e-05   
371 4452 0.0008746208185950706 1067.9679844442276 2.2923057886624457e-06 2.2923057886624457e-06 7.220214448505513e-06 1.064999599188559e-05   
372 4464 0.0007840816880589826 1089.3212112035592 1.932563469709197e-06 1.9325634697091968e-06 4.397015377976719e-06 7.658375745144966e-06   
373 4476 0.0007087052515701766 1096.0671193438425 1.932563469709197e-06 2.4642087550951774e-06 4.361777586521893e-06 9.671068529066888e-06   
374 4488 0.000665065932948369 1107.9402630437528 1.932563469709197e-06 1.9594102362629268e-06 3.35413176053889e-06 5.267336580666396e-06   
375 4500 0.0006090462526716896 1096.8673387974325 1.932563469709197e-06 2.0685678268740393e-06 4.106306830471934e-06 7.0333510657228e-06   
376 4512 0.0005839500460837443 1064.5824461722552 1.768050653843728e-06 1.7680506538437279e-06 2.986171913600566e-06 4.525675400028791e-06   
377 4524 0.0005699671015104618 1053.3953300402604 1.738969910954321e-06 1.7389699109543210e-06 2.6902496178073685e-06 3.920539015445384e-06   
378 4536 0.000537335336183402 1075.205112898002 1.7126679079103104e-06 1.7126679079103104e-06 2.697363329068051e-06 4.124506259189067e-06   
379 4548 0.0004861352228822924 1044.8046525720329 1.3998808818200686e-06 1.3998808818200686e-06 2.288956338456291e-06 3.2366186591784238e-06   
380 4560 0.00043042747458876764 1056.3219127351094 9.661803669563215e-07 9.6618036695632147e-07 1.5022076547026666e-06 2.9187002322361165e-06   
381 4572 0.0004053960561070268 1048.0633023488504 8.963651336496884e-07 8.9636513364968840e-07 1.482423249430297e-06 1.960735548868517e-06   
382 4584 0.0004141292867042403 1055.989446830561 6.654146838233367e-07 6.6541468382333669e-07 1.3502158324090981e-06 2.4984593953831e-06   
383 4596 0.0004233611925409101 1039.5624808762652 6.408166274890444e-07 6.4081662748904436e-07 1.0027952248779043e-06 2.0589753659462446e-06   
384 4608 0.0004161551406434343 1052.6097629383758 5.740205173701298e-07 5.7402051737012981e-07 1.201903165450814e-06 2.7380994176795957e-06   
385 4620 0.0004001558757862509 1049.0340600405716 5.740205173701298e-07 6.0747951307562037e-07 1.4239969979723526e-06 2.7699503369128207e-06   
386 4632 0.0003797535717947497 1059.9891257465358 2.698125721352363e-07 2.6981257213523629e-07 7.809514275340784e-07 1.314611530950453e-06   
387 4644 0.00037600003680014527 1079.7470547351186 2.698125721352363e-07 4.2105732354611011e-07 8.123694684852429e-07 1.3557898383904642e-06   
388 4656 0.00035611240908878136 1080.650569665077 2.698125721352363e-07 5.8583016546745166e-07 1.0482524396936382e-06 1.2759422444533025e-06   
389 4668 0.00032506928048274184 1087.1484039617221 2.698125721352363e-07 5.8978814041818590e-07 7.443294358972934e-07 1.2720299596939893e-06   
390 4680 0.00030279385873045636 1064.8735432752933 2.698125721352363e-07 3.8381703555734026e-07 8.178890330196142e-07 1.2672710969677829e-06   
391 4692 0.0002873425153245841 1064.167580900483 2.4706613237989586e-07 2.4706613237989586e-07 5.697958267788452e-07 8.794586219024245e-07   
392 4704 0.0002827847172234588 1065.769767291317 2.4706613237989586e-07 2.9758513114779288e-07 5.399116036817051e-07 7.748909230693296e-07   
393 4716 0.0002786849389833004 1055.2541924277289 2.4706613237989586e-07 2.8431841068912070e-07 4.421969633767005e-07 6.872090266451692e-07   
394 4728 0.0002779367819162884 1069.9081503962564 2.4706613237989586e-07 3.3755390587098321e-07 4.607711377693671e-07 8.06385483658389e-07   
395 4740 0.00027184662854916184 1096.3888226364256 2.4706613237989586e-07 3.7276185669560995e-07 6.356863364851185e-07 1.0033801663854447e-06   
396 4752 0.0002577443258277658 1091.084452624881 2.4706613237989586e-07 4.1492079310630801e-07 4.863115585603927e-07 9.696602934127423e-07   
397 4764 0.00024602977997676827 1105.9084135845999 2.4706613237989586e-07 2.7763406972724324e-07 5.696464333045878e-07 1.1258231909663184e-06   
398 4776 0.00022923452032995142 1107.773257446107 2.4706613237989586e-07 2.5097884142871399e-07 4.1820877700980054e-07 7.550479409150458e-07   
399 4788 0.00021316374128831366 1112.6064499147217 1.9739991461576872e-07 1.9739991461576872e-07 4.3575202480888793e-07 5.4753323667999e-07   
400 4800 0.00020257305447093641 1099.983449721343 1.5369518431813206e-07 1.5369518431813206e-07 2.9665615130231556e-07 4.879070936993305e-07   
401 4812 0.00019567352625457683 1105.408796026564 1.4479191265042709e-07 1.4479191265042709e-07 2.866865378804773e-07 4.2535125506964605e-07   
402 4824 0.00018693585749809878 1109.1741760004318 1.0404741937374657e-07 1.0404741937374657e-07 2.232812846330939e-07 3.803587207557681e-07   
403 4836 0.00018234184155465822 1138.8361653281559 1.0404741937374657e-07 1.1464410944251012e-07 2.2645983137241402e-07 3.25994167016649e-07   
404 4848 0.00018466547252075831 1130.0251482551153 1.0404741937374657e-07 1.3086168966643725e-07 2.097859809467374e-07 3.145377503112712e-07   
405 4860 0.00017341566327597622 1132.5087467374983 5.0711118293816083e-08 5.0711118293816083e-08 1.8533004249282518e-07 3.0539302700975097e-07   
406 4872 0.00016805630809357334 1135.017781999922 3.3312643161320916e-08 3.3312643161320916e-08 1.3447413476063016e-07 2.3474312987735833e-07   
407 4884 0.00015861593192706663 1130.8634377199082 3.3312643161320916e-08 7.6738373422411160e-08 1.0804119761916518e-07 1.5249436133949435e-07   
408 4896 0.00014918364549654196 1146.6691608351857 3.3312643161320916e-08 6.2696560933100098e-08 1.6548952652204984e-07 1.8172638597024103e-07   
409 4908 0.0001387477626737539 1149.0709816181682 2.8862499418908814e-08 2.8862499418908814e-08 1.2288365028733166e-07 2.4097604528663095e-07   
410 4920 0.00013145670925091606 1159.3411767163504 2.8862499418908814e-08 4.4371913773445018e-08 9.328494837386485e-08 1.5665276019266757e-07   
411 4932 0.0001259003124541019 1161.4024882108272 2.8862499418908814e-08 4.6231369998381510e-08 8.363070917874376e-08 1.3284586647197447e-07   
412 4944 0.00011957896866054542 1158.055678754521 2.8862499418908814e-08 3.7587283825307689e-08 6.90578924856132e-08 8.703533500018726e-08   
413 4956 0.00011228825286704976 1179.1631199128783 2.232951510047168e-08 2.2329515100471680e-08 7.140646656795217e-08 1.2705997365862617e-07   
414 4968 0.00010615970131936269 1168.1786713695303 2.232951510047168e-08 3.4782259107034246e-08 6.25318398924777e-08 1.180050657518772e-07   
415 4980 9.756426799759757e-05 1157.1725887725618 2.232951510047168e-08 3.2411652591141952e-08 6.240288100313497e-08 8.562405229735109e-08   
416 4992 9.199360032036771e-05 1185.1113209720027 2.232951510047168e-08 2.4858874995526899e-08 4.889011934880098e-08 7.275558056486963e-08   
417 5004 8.633269254998254e-05 1195.7068724269056 1.726650550143507e-08 1.7266505501435070e-08 3.641038037674378e-08 6.864263860879071e-08   
418 5016 7.833560129605033e-05 1201.8530254142293 1.0883808268836967e-08 1.0883808268836967e-08 2.998450312122387e-08 4.646452530791112e-08   
419 5028 7.327141117267655e-05 1216.0244508160001 7.044668880502458e-09 7.0446688805024578e-09 2.855067485500497e-08 4.316044430404218e-08   
420 5040 7.067800069016802e-05 1220.9990681405322 7.044668880502458e-09 1.2553257292857078e-08 2.6783100600877958e-08 3.465151339345873e-08   
421 5052 6.841493097234406e-05 1203.9129631245462 7.044668880502458e-09 9.8315203935903488e-09 1.849842354138702e-08 2.6338303829166628e-08   
422 5064 6.974924858010162e-05 1197.3701750079013 7.044668880502458e-09 1.1984023688303583e-08 2.3295312694089404e-08 3.8788416924564126e-08   
423 5076 6.709833239397144e-05 1200.3188897773398 7.044668880502458e-09 1.2666319561026821e-08 1.9107809656829965e-08 4.562723785090336e-08   
424 5088 6.651588622696537e-05 1182.1147352657454 7.044668880502458e-09 1.1245591242305921e-08 2.427716197139811e-08 3.509295357056458e-08   
425 5100 6.295108003929827e-05 1180.0430586692498 7.044668880502458e-09 8.5611029688873808e-09 1.895035348542828e-08 3.332917279511527e-08   
426 5112 5.992153124591125e-05 1167.7952443534055 7.044668880502458e-09 7.7498547919162666e-09 1.7632157119989462e-08 2.630916115297035e-08   
427 5124 5.597832607398987e-05 1192.0431071085695 4.554439392756674e-09 4.5544393927566739e-09 1.521717510505234e-08 2.0733045409669578e-08   
428 5136 5.174123124640322e-05 1182.4944036413135 4.554439392756674e-09 4.5667856069931602e-09 1.508013080555753e-08 2.144675938736872e-08   
429 5148 4.9504888645631086e-05 1175.7555609793571 4.2894283279781455e-09 4.2894283279781455e-09 9.86341578059254e-09 2.0697096001267056e-08   
430 5160 4.746766280933421e-05 1164.6656305316537 3.5093305970107576e-09 3.5093305970107576e-09 9.383154250998203e-09 1.3404628336665655e-08   
431 5172 4.481029563820708e-05 1169.505064234333 3.5093305970107576e-09 4.4486555778993537e-09 7.52106420137518e-09 1.681544788146016e-08   
432 5184 4.082902329010509e-05 1193.375754944131 3.5093305970107576e-09 5.2390382588223895e-09 7.639854238649623e-09 1.10308790351778e-08   
433 5196 3.8341387255824384e-05 1176.6155094057856 2.5480306001505267e-09 2.5480306001505267e-09 7.858272985341725e-09 1.2615171156010116e-08   
434 5208 3.4621096278238236e-05 1169.9133089464733 1.0367156241549566e-09 1.0367156241549566e-09 5.299992327344057e-09 1.0129880100691527e-08   
435 5220 3.1951122645573045e-05 1167.5602647621974 1.0367156241549566e-09 2.2111198349948284e-09 3.756938217855548e-09 6.652479860067987e-09   
436 5232 2.947525150410666e-05 1159.8075834619383 1.0367156241549566e-09 1.4628986824435216e-09 3.3026487558645538e-09 7.116802106332258e-09   
437 5244 2.7106406911138642e-05 1175.7146555793934 1.0367156241549566e-09 1.7340022380181202e-09 4.074162360698564e-09 6.5351633501981365e-09   
438 5256 2.4717997952957153e-05 1190.3762956058008 1.0367156241549566e-09 1.5614544348518325e-09 2.8336600573063684e-09 3.581052198366939e-09   
439 5268 2.353036824668498e-05 1216.0506911874336 1.022410375164029e-09 1.0224103751640290e-09 2.2240061458782046e-09 2.9264965360814213e-09   
440 5280 2.1647047597397237e-05 1206.8437023810686 1.022410375164029e-09 1.0966868413420448e-09 2.1185112954220793e-09 3.2759411410691147e-09   
441 5292 1.943286260305611e-05 1212.0864794500794 7.893161411611219e-10 7.8931614116112189e-10 1.994813269833626e-09 3.0028440158464694e-09   
442 5304 1.764745491385236e-05 1222.7203275918355 6.390167084241571e-10 6.3901670842415709e-10 1.4306579300278586e-09 1.8363195520719429e-09   
443 5316 1.7242192322618282e-05 1228.2091851870887 6.390167084241571e-10 9.4073469556353131e-10 1.4368896657910176e-09 1.9161344326156925e-09   
444 5328 1.6690801440646813e-05 1242.5423428580234 4.317912267275214e-10 4.3179122672752141e-10 1.0351986707132484e-09 2.0391838743914775e-09   
445 5340 1.603232241758738e-05 1256.233000069674 4.317912267275214e-10 6.7983110505215847e-10 9.783565142616807e-10 1.2868223518176697e-09   
446 5352 1.4952751683441313e-05 1266.1341957801442 4.317912267275214e-10 6.8960449216605414e-10 1.1926442363936238e-09 1.906746513546264e-09   
447 5364 1.4599021606731832e-05 1273.882272990283 4.317912267275214e-10 6.2697152319682229e-10 1.0175809187434571e-09 1.4227288757432867e-09   
448 5376 1.358684638519571e-05 1264.7278488503189 4.317912267275214e-10 4.5363548013688332e-10 1.0092802928595531e-09 1.4646022979144667e-09   
449 5388 1.2626206888564412e-05 1277.1491119364857 3.979936753188929e-10 3.9799367531889288e-10 9.432151989202149e-10 1.1350877008890334e-09   
450 5400 1.1979873792342476e-05 1305.6892327058576 2.6037523723327687e-10 2.6037523723327687e-10 6.431209295124575e-10 9.854298550469833e-10   
451 5412 1.1314708052288115e-05 1308.931138629053 2.459190513072665e-10 2.4591905130726649e-10 4.1134712382282267e-10 6.473688084955275e-10   
452 5424 1.0839023924926636e-05 1298.1602165754887 2.2467170606413953e-10 2.2467170606413953e-10 4.484310751264e-10 6.494358554436635e-10   
453 5436 1.050765223568009e-05 1301.4556253840533 2.2467170606413953e-10 2.4552500437021597e-10 4.3450731780403284e-10 6.655912874225383e-10   
454 5448 1.0334282824782396e-05 1326.055451063304 1.7438963605555293e-10 1.7438963605555293e-10 3.2915265455503394e-10 6.102093378446118e-10   
455 5460 1.0001485919946122e-05 1331.2409325742033 1.7438963605555293e-10 2.2186043369719976e-10 3.459878086086183e-10 4.720794640169023e-10   
456 5472 9.430150682338429e-06 1316.6020909812685 1.1881786425532736e-10 1.1881786425532736e-10 3.207635247886703e-10 6.716002872631817e-10   
457 5484 8.898132598479565e-06 1333.018730717596 1.1881786425532736e-10 1.3592781715405672e-10 3.24309030178102e-10 4.4568084329636445e-10   
458 5496 8.285469379688086e-06 1370.5467633475748 1.1881786425532736e-10 1.2336492829132192e-10 2.7980606404504623e-10 5.579474231429789e-10   
459 5508 7.596583720251386e-06 1379.7994781931975 1.1369915827370972e-10 1.1369915827370972e-10 2.2712728675918915e-10 3.397306740765167e-10   
460 5520 7.01504882140766e-06 1393.5323997125456 1.0331476240848859e-10 1.0331476240848859e-10 2.120244118414428e-10 3.889314479050954e-10   
461 5532 6.520207235794399e-06 1398.0624306630655 8.589025274564758e-11 8.5890252745647581e-11 1.6538188882920584e-10 2.219216559975438e-10   
462 5544 5.887669819957125e-06 1377.8334457469227 5.454701779349518e-11 5.4547017793495180e-11 1.2417125359468838e-10 2.63467727989928e-10   
463 5556 5.574163394731214e-06 1392.32582029439 3.8755203720439753e-11 3.8755203720439753e-11 1.0396213233610191e-10 1.6041316924919602e-10   
464 5568 5.076495775764826e-06 1390.8202332299718 3.8755203720439753e-11 5.2737458139411149e-11 9.541131941306925e-11 1.7526109737077562e-10   
465 5580 4.7036582938037705e-06 1399.315502758159 3.8755203720439753e-11 4.5214099364441612e-11 7.522110403731662e-11 1.2470781994709362e-10   
466 5592 4.440208487576385e-06 1401.6324652179205 3.3669894997493716e-11 3.3669894997493716e-11 8.031868173156144e-11 1.5103536235188002e-10   
467 5604 4.121594079759371e-06 1408.032421752554 3.3669894997493716e-11 4.3083083861276252e-11 6.148849531029013e-11 9.22957583006575e-11   
468 5616 3.813675368701599e-06 1412.796991614825 3.297477358474997e-11 3.2974773584749969e-11 5.5657962719676076e-11 8.146437232064138e-11   
469 5628 3.657208594649424e-06 1399.4057109816483 3.0708835735481356e-11 3.0708835735481356e-11 4.765807993455837e-11 6.366101805781139e-11   
470 5640 3.5608438928240956e-06 1418.3521812714903 2.1397995642399086e-11 2.1397995642399086e-11 3.8624474092050574e-11 5.697999408746651e-11   
471 5652 3.525370737299723e-06 1455.906499544919 2.1397995642399086e-11 2.5334184413018071e-11 3.9472116949843956e-11 5.433741683183125e-11   
472 5664 3.3525162436496974e-06 1443.4206807757855 1.2046179651611294e-11 1.2046179651611294e-11 4.6425179294220645e-11 6.137229348869808e-11   
473 5676 3.24888748479262e-06 1425.2346577654632 1.2046179651611294e-11 1.9350614958115599e-11 3.673002911815904e-11 6.768162169803184e-11   
474 5688 3.0242457058463814e-06 1431.0683410492204 1.2046179651611294e-11 1.6525145563284227e-11 2.927171671565819e-11 3.973544794212031e-11   
475 5700 2.802438708913317e-06 1465.4749367271236 1.2046179651611294e-11 1.5171498165446695e-11 3.031780032618024e-11 4.6384914259647e-11   
476 5712 2.676814459152954e-06 1426.2246885001734 1.2046179651611294e-11 1.3787585272022224e-11 3.0003895878701925e-11 4.3743837968458344e-11   
477 5724 2.623113729781666e-06 1417.8870710790886 1.2046179651611294e-11 1.4335592992413908e-11 2.454202067681594e-11 3.8714533141404937e-11   
478 5736 2.5776493541842955e-06 1448.7138672031956 8.26022273130278e-12 8.2602227313027795e-12 2.397203431483489e-11 3.6998659176110064e-11   
479 5748 2.3967437260965023e-06 1453.4000988533364 8.26022273130278e-12 1.1301432595973087e-11 1.8014723557433012e-11 2.6524651259599868e-11   
480 5760 2.247192970689773e-06 1476.5529626503446 8.14947188567325e-12 8.1494718856732507e-12 1.4798211579565933e-11 2.813268073505521e-11   
481 5772 2.0743049716577792e-06 1479.1774534944607 5.664799925505696e-12 5.6647999255056964e-12 1.1339171058280074e-11 1.8307054319386152e-11   
482 5784 2.003523380932999e-06 1480.413938959448 5.664799925505696e-12 6.4900614591196307e-12 1.0571165021383765e-11 1.8799925792164992e-11   
483 5796 1.9758124673733812e-06 1492.6818859077243 5.664799925505696e-12 8.3882665439180776e-12 1.426351347256283e-11 2.8854509876150475e-11   
484 5808 1.887699523637202e-06 1478.2555638851873 5.664799925505696e-12 8.6707032501297038e-12 1.4084130946291442e-11 2.0944213746194276e-11   
485 5820 1.8668988160699882e-06 1492.4160220972274 5.664799925505696e-12 7.6695558096383989e-12 1.2441482237493241e-11 1.683512060691105e-11   
486 5832 1.7871348729849793e-06 1505.3484087675777 5.664799925505696e-12 6.6491654409477165e-12 1.0598096433882976e-11 1.4242829285505227e-11   
487 5844 1.6707159158532074e-06 1489.3328821254793 5.664799925505696e-12 6.4172200769692424e-12 1.0826420997070157e-11 1.7916041136692737e-11   
488 5856 1.6149311041482286e-06 1509.434742758246 3.447362021906904e-12 3.4473620219069038e-12 1.0442035608750066e-11 1.4459264728140191e-11   
489 5868 1.5874197850712231e-06 1511.7916434924662 2.6832395421152824e-12 2.6832395421152824e-12 6.7280365158076635e-12 1.2895262252129818e-11   
490 5880 1.4784096600015598e-06 1540.166983473472 2.6832395421152824e-12 3.1575540373356034e-12 6.78250395156002e-12 7.601054685035541e-12   
491 5892 1.3996779986888662e-06 1531.0069722548596 2.2818688965851383e-12 2.2818688965851383e-12 5.846891136118481e-12 8.236710199165358e-12   
492 5904 1.360995135937753e-06 1530.936451135761 2.2814109910822565e-12 2.2814109910822565e-12 4.480572873102151e-12 8.61081537302873e-12   
493 5916 1.3036996493522355e-06 1496.9850844072564 2.2814109910822565e-12 2.3219160324966656e-12 3.88579021951105e-12 6.633499827296484e-12   
494 5928 1.1877328537338017e-06 1492.294606369497 1.5190557785232463e-12 1.5190557785232463e-12 3.806967192246591e-12 6.009545154980866e-12   
495 5940 1.1222967855443941e-06 1487.572590821365 1.4123174276087517e-12 1.4123174276087517e-12 2.335675859472866e-12 3.371717133790486e-12   
496 5952 1.076415587212417e-06 1473.6084058397087 7.066192681197519e-13 7.0661926811975194e-13 2.8081071606330314e-12 6.113767284634534e-12   
497 5964 1.0276821965338338e-06 1461.4462374817322 7.066192681197519e-13 1.3653355844056070e-12 1.998486654543032e-12 3.951948858178119e-12   
498 5976 9.726818333071933e-07 1443.0494323077166 7.066192681197519e-13 1.5583625243748814e-12 2.53717079801196e-12 3.58403914403512e-12   
499 5988 8.843491331692519e-07 1424.340815462025 7.066192681197519e-13 1.5718082816461482e-12 2.2172478845500676e-12 3.3986705437881584e-12   
500 6000 8.265175761441244e-07 1440.0571402814178 7.066192681197519e-13 1.0965084429607118e-12 1.7127612720066492e-12 3.0439515889293906e-12   
501 6012 7.921869309233459e-07 1429.548284588906 7.066192681197519e-13 7.5065717966354568e-13 1.697895342572805e-12 2.909707510495561e-12   
502 6024 7.707462462127891e-07 1416.7839191308303 7.066192681197519e-13 8.1626335234002904e-13 1.0520476430946857e-12 1.948263634551717e-12   
503 6036 7.19061224929017e-07 1441.2265890007232 7.066192681197519e-13 1.0138447063073250e-12 1.3089976770181269e-12 2.2099878142950836e-12   
504 6048 6.679716842754233e-07 1453.47903067512 6.602018755716823e-13 6.6020187557168230e-13 1.1376335304925201e-12 1.6405911044203779e-12   
505 6060 6.210829852228766e-07 1444.2561994508887 3.4401184888806885e-13 3.4401184888806885e-13 9.569806177904897e-13 1.490804244700686e-12   
506 6072 5.755517732494828e-07 1420.3734404285121 2.494263504885958e-13 2.4942635048859580e-13 7.219702452088204e-13 1.0600693069629945e-12   
507 6084 5.299066937074431e-07 1420.3865342342406 2.494263504885958e-13 4.1513379791220587e-13 6.368932888698431e-13 1.178811851335349e-12   
508 6096 4.994356992336495e-07 1426.5540586782656 2.494263504885958e-13 4.0057705145894496e-13 5.602770822910494e-13 1.000945333195046e-12   
509 6108 4.79200498675621e-07 1467.7681254689473 2.494263504885958e-13 2.7231640493131067e-13 4.4727210893930213e-13 1.0192346330062663e-12   
510 6120 4.3898786359595e-07 1473.4064506193363 2.494263504885958e-13 3.1557683362935246e-13 4.341527187527931e-13 6.870878284030395e-13   
511 6132 4.0894998765538425e-07 1475.2486941180543 2.367826874322849e-13 2.3678268743228490e-13 3.2037500278168873e-13 7.834677912839844e-13   
512 6144 3.827523890826843e-07 1468.6251410298323 1.4422832718342645e-13 1.4422832718342645e-13 2.644732012282787e-13 4.4536280339144014e-13   
513 6156 3.6327882714502235e-07 1466.9961774198068 1.4422832718342645e-13 1.5705963845527866e-13 3.1852024485590133e-13 4.730992970913014e-13   
514 6168 3.4236403172127456e-07 1465.7914911264222 1.3346805898638326e-13 1.3346805898638326e-13 2.473080236226637e-13 5.314649965888684e-13   
515 6180 3.383963591285645e-07 1443.5659072405786 1.3346805898638326e-13 1.9095908138501431e-13 2.6977255992157497e-13 4.1687955933439776e-13   
516 6192 3.145999787085495e-07 1434.432893034162 1.1131626528018846e-13 1.1131626528018846e-13 2.1886781095544708e-13 4.2606266508982775e-13   
517 6204 2.868745395902677e-07 1444.7642636305704 1.1131626528018846e-13 1.3419484193343479e-13 2.0725480814138866e-13 3.951229785291513e-13   
518 6216 2.6347129640908124e-07 1461.5641041080305 1.1131626528018846e-13 1.1680378733869507e-13 1.6572150415580097e-13 3.4081092187633404e-13   
519 6228 2.3818297265106008e-07 1443.557888833532 8.675848532406392e-14 8.6758485324063923e-14 1.298362966643261e-13 3.274983902329213e-13   
520 6240 2.2147852728406552e-07 1420.6522520971437 6.369734599915168e-14 6.3697345999151685e-14 1.1125259375354042e-13 1.4541807424737788e-13   
521 6252 2.0954245187879224e-07 1415.031954987822 3.2734527955664246e-14 3.2734527955664246e-14 1.227197223373284e-13 1.8007376613759739e-13   
522 6264 2.0436362022251962e-07 1444.9554878407826 3.0599178175928484e-14 3.0599178175928484e-14 6.63757741895326e-14 1.1965387969774764e-13   
523 6276 1.9530170654996055e-07 1445.8282122571898 3.0599178175928484e-14 4.5139124685490343e-14 7.710923274805458e-14 1.6921705367801247e-13   
524 6288 1.8329301815289515e-07 1453.6549514401884 2.734372883891528e-14 2.7343728838915279e-14 6.818215265768259e-14 1.309370793887548e-13   
525 6300 1.7459629683543855e-07 1449.4282497472702 2.3873416015788203e-14 2.3873416015788203e-14 5.170712060916569e-14 8.312675993653929e-14   
526 6312 1.630192835422434e-07 1445.0620170032923 1.2878661504365303e-14 1.2878661504365303e-14 4.223686390534667e-14 7.605940355742509e-14   
