0.000000000000000000e+00 3.000000000000000000e+00 1.315413701397136093e+00 -1.300802518008375763e+01 -3.958952455723174779e-02 2.798275086504735754e+01
3.000000000000000000e+00 -3.000000000000000000e+00 3.737152127934448398e+00 1.041667759601323695e+01 -2.066028577278266720e+00 -2.005396836487660295e+01
0.000000000000000000e+00 -1.000000000000000000e+00 1.619843692661494527e+00 7.334194167023174060e+00 -3.941452438848080941e-01 -9.011077602461519120e+00
0.000000000000000000e+00 -1.000000000000000000e+00 1.617432174439342951e+00 1.142663004586196251e+01 2.106154758695963913e-01 -9.613599063241721865e+00
2.000000000000000000e+00 3.000000000000000000e+00 2.495883033518012439e+00 -1.055694503782469162e+01 -1.162098353760740110e+00 1.590901081688199348e+01
3.000000000000000000e+00 -1.000000000000000000e+00 3.330650861544089736e+00 2.298773513071203922e+00 -1.574561946369124055e+00 -3.672641241237489140e+00
-3.000000000000000000e+00 -3.000000000000000000e+00 1.557726695061002919e+00 6.806822500872868886e+00 1.876870589406404610e+00 -1.823610037050913846e+01
2.000000000000000000e+00 -3.000000000000000000e+00 3.454027083857348135e+00 7.922821021632874050e+00 -1.245725398763306568e+00 -2.000687816989285750e+01
3.000000000000000000e+00 -2.000000000000000000e+00 3.355253947366923839e+00 7.070844475242726190e+00 -1.671734469694190039e+00 -1.304539114977558611e+01
-1.000000000000000000e+00 -2.000000000000000000e+00 1.185279365850195443e+00 9.631590307643040916e+00 8.004301114722160992e-01 -1.466812706798850741e+01
-1.000000000000000000e+00 0.000000000000000000e+00 3.660528600880492700e+00 1.244045956954541410e+01 1.473296605971938789e-01 2.042870340367763049e+00
0.000000000000000000e+00 0.000000000000000000e+00 1.191389712129186762e+00 6.409165060168934502e+00 -1.510111921268175728e-01 -1.024676088021625020e+00
3.000000000000000000e+00 -1.000000000000000000e+00 3.534962917311171182e+00 -3.110113542855843960e+00 -2.306807104713125778e+00 -6.646137326204929252e+00
1.000000000000000000e+00 1.000000000000000000e+00 2.917027557505467605e+00 -1.170795472361237444e+01 -3.338080850233957619e-01 3.059025342171894479e+00
-2.000000000000000000e+00 -1.000000000000000000e+00 2.917385410421597491e+00 9.802051817255794219e+00 8.731837241426760876e-01 -7.602465172363444879e+00
1.000000000000000000e+00 1.000000000000000000e+00 3.077359488140648303e+00 4.870768187566035579e+00 -5.403681038324390506e-01 7.250950430092192533e+00
3.000000000000000000e+00 3.000000000000000000e+00 3.246401633863941427e+00 -1.136593333629592451e+01 -1.872226642324158696e+00 1.670329574999508537e+01
-1.000000000000000000e+00 -1.000000000000000000e+00 1.351182012814881928e+00 4.246472962079913316e+00 6.961950786960409143e-01 -5.039374851762705276e+00
2.000000000000000000e+00 -1.000000000000000000e+00 3.088781761453465613e+00 1.810857378597866330e+00 -8.851960840023398447e-01 -6.256407857024251840e+00
-2.000000000000000000e+00 0.000000000000000000e+00 2.347074832173725145e+00 9.656956280651623814e+00 1.006975575633257236e+00 2.426686648246167977e+00
-3.000000000000000000e+00 3.000000000000000000e+00 1.256883628749402959e+00 -1.355952603519026667e+01 2.118910421778611219e+00 1.435026447664273874e+01
-3.000000000000000000e+00 0.000000000000000000e+00 1.150374550793896278e+00 9.443755834887856082e+00 2.574405240523656602e+00 -6.692305267342391062e-01
1.000000000000000000e+00 1.000000000000000000e+00 3.642028203613935755e+00 -7.932380636141621366e+00 -1.361444862363634378e-01 5.984083352758181817e+00
-1.000000000000000000e+00 -1.000000000000000000e+00 1.955073427748176940e+00 -7.478419829038822186e+00 5.585679658770779099e-01 -5.260008541791060921e+00
-1.000000000000000000e+00 1.000000000000000000e+00 3.231938405642538203e+00 -8.519942857899266642e+00 6.501207027833451058e-01 3.419305911236243389e+00
-2.000000000000000000e+00 2.000000000000000000e+00 1.201591851279107281e+00 -1.135212923960223819e+01 1.391019341870148196e+00 9.354487326417627813e+00
-1.000000000000000000e+00 2.000000000000000000e+00 1.839565613710485881e+00 -9.243625757602766058e+00 6.204776206559023954e-01 9.671766929892710252e+00
-3.000000000000000000e+00 3.000000000000000000e+00 1.589224269953007695e+00 -4.971988216281044259e+00 2.258863177105109088e+00 1.512385146495668309e+01
2.000000000000000000e+00 0.000000000000000000e+00 3.054606597019104086e+00 -3.832870478151518157e+00 -1.134774982428588652e+00 -2.085619758085028863e+00
2.000000000000000000e+00 0.000000000000000000e+00 2.705166716262553006e+00 1.018883176254536593e+01 -1.130406790751630641e+00 9.974026011572583172e-01
0.000000000000000000e+00 3.000000000000000000e+00 2.185915645138387209e+00 -1.094164667251859768e+01 9.702100535086044530e-02 1.825538532979203055e+01
1.000000000000000000e+00 -2.000000000000000000e+00 3.537743937320183552e+00 -2.005125954102489061e-01 -5.776603718275059585e-01 -9.770469681373244342e+00
-3.000000000000000000e+00 -2.000000000000000000e+00 1.421112791027611344e+00 2.837131627353851826e+00 2.430955810729126920e+00 -1.074267579050590982e+01
3.000000000000000000e+00 -3.000000000000000000e+00 3.504390140158793798e+00 9.855594148632228269e+00 -2.435841720883308525e+00 -1.776530531058808293e+01
-1.000000000000000000e+00 -2.000000000000000000e+00 3.560451552075460935e+00 1.155723279811518012e+01 1.768143220186977338e-01 -1.457168989091508493e+01
-1.000000000000000000e+00 0.000000000000000000e+00 3.612664069736188921e+00 4.716393699552146046e+00 3.606160890365259775e-01 -1.181698627050025152e+00
0.000000000000000000e+00 -3.000000000000000000e+00 2.206357033465151662e+00 8.394416102150557890e+00 -2.373241521426463496e-01 -1.900068774385747616e+01
0.000000000000000000e+00 -2.000000000000000000e+00 3.566783488232316834e+00 1.098596230703206089e+01 -5.441660928814240350e-02 -1.345917528651022899e+01
0.000000000000000000e+00 0.000000000000000000e+00 1.509088621560840782e+00 4.668669751967076564e+00 -2.641000350370803496e-01 1.014930932477540182e+00
-3.000000000000000000e+00 -2.000000000000000000e+00 1.299861736285507385e+00 1.356101720024820878e+01 2.572927487210422193e+00 -1.338158536559864586e+01
3.000000000000000000e+00 1.000000000000000000e+00 3.299275271105301943e+00 5.486010626812575453e+00 -1.457634327569880650e+00 7.108694229393691444e+00
2.000000000000000000e+00 2.000000000000000000e+00 3.373561205417197062e+00 3.401056560411234386e+00 -1.026581662221177194e+00 1.107497683338187500e+01
1.000000000000000000e+00 -1.000000000000000000e+00 3.247693978517046887e+00 -2.590937974052939907e+00 -2.959906911922498551e-01 -6.985931408850975188e+00
1.000000000000000000e+00 0.000000000000000000e+00 3.326635841949006078e+00 1.458517191481494635e+01 -4.379381027627977652e-01 -7.919763191105531064e-01
-2.000000000000000000e+00 -1.000000000000000000e+00 2.583831299292508987e+00 -1.023570041889611204e+01 1.120927425331127214e+00 -4.189419930855169838e+00
-2.000000000000000000e+00 -1.000000000000000000e+00 1.785356528662094044e+00 1.410851332702680594e-01 1.370838569087957870e+00 -3.167135037776731110e+00
-2.000000000000000000e+00 -3.000000000000000000e+00 1.272911070487216634e+00 1.091613093891153241e+01 1.516953546289808497e+00 -1.766183577219111811e+01
-1.000000000000000000e+00 1.000000000000000000e+00 2.914114034581127388e+00 -1.295516630273665015e+01 6.180116927720433750e-01 2.852951754585804522e+00
-3.000000000000000000e+00 0.000000000000000000e+00 1.259207206167939130e+00 4.997047473003927820e+00 1.812706367604021818e+00 -3.469853535325139404e+00
0.000000000000000000e+00 2.000000000000000000e+00 1.179748725899162576e+00 3.702766765001928917e+00 2.593877261107728760e-01 1.076661353236864826e+01
2.000000000000000000e+00 2.000000000000000000e+00 3.426118263184177337e+00 -1.301745658118513838e+01 -9.568730614830447401e-01 8.019908277047003153e+00
-1.000000000000000000e+00 2.000000000000000000e+00 1.999130113848788692e+00 -1.111205352566234694e+01 5.531216044591387160e-01 9.197632391852819111e+00
-1.000000000000000000e+00 -3.000000000000000000e+00 1.666615107640880167e+00 1.484658961266080723e+01 5.420245030678907394e-01 -1.916689017610448076e+01
-1.000000000000000000e+00 -2.000000000000000000e+00 3.761409412259377305e+00 -2.391544255565069221e+00 1.586625931140845935e-01 -1.043823545764707283e+01
-1.000000000000000000e+00 -2.000000000000000000e+00 1.858871561246381976e+00 1.057950914079136595e+01 3.903466546138991689e-01 -1.098845869026846422e+01
2.000000000000000000e+00 0.000000000000000000e+00 3.831274472614004445e+00 1.036922576560604270e+01 -1.199217342027052435e+00 4.131161892358779397e+00
0.000000000000000000e+00 -3.000000000000000000e+00 1.913598778836064662e+00 1.177388872724899471e+01 -1.351689036013830059e-01 -2.171236470102939364e+01
1.000000000000000000e+00 -1.000000000000000000e+00 3.649830308794748568e+00 8.761565715416821831e+00 -5.329498195127251314e-01 -9.361442979764417416e+00
2.000000000000000000e+00 -3.000000000000000000e+00 2.807066828749499976e+00 1.416157946790956856e+01 -9.768142241697690409e-01 -2.802757505807048588e+01
3.000000000000000000e+00 3.000000000000000000e+00 3.804069135481143338e+00 -1.121793428353395505e+01 -2.645885338289260869e+00 1.707179500219025670e+01
3.000000000000000000e+00 -2.000000000000000000e+00 3.356549438822327147e+00 8.043397140674919399e+00 -2.016147937202330098e+00 -1.016867888090121141e+01
2.000000000000000000e+00 -1.000000000000000000e+00 3.908214018219492214e+00 -1.111569138487256581e+00 -8.496534811788403196e-01 -6.705148045398031442e+00
3.000000000000000000e+00 -3.000000000000000000e+00 3.972846432453776444e+00 1.399333790118755516e+01 -2.701078325736759211e+00 -1.795518336104129986e+01
0.000000000000000000e+00 3.000000000000000000e+00 1.309116520595023259e+00 -1.369561631958247716e+01 -2.727529407084916535e-02 2.756990853225962113e+01
-2.000000000000000000e+00 -2.000000000000000000e+00 1.281603249113276721e+00 8.466819492175051920e+00 1.215743802347852842e+00 -1.587109032589694202e+01
1.000000000000000000e+00 -3.000000000000000000e+00 3.666562063181098896e+00 1.209018300605753282e+01 -6.386231854635981975e-01 -1.906017026208719756e+01
3.000000000000000000e+00 0.000000000000000000e+00 3.929378099308983519e+00 1.097242989252522705e+01 -1.969567337711386923e+00 -1.251014994123949009e-01
-1.000000000000000000e+00 -1.000000000000000000e+00 2.606410681118347838e+00 1.194747724235744002e+01 5.143086674281360793e-01 -7.038329235320851751e+00
1.000000000000000000e+00 0.000000000000000000e+00 2.388199581185438181e+00 1.077918838562371562e+01 -4.354048330575517323e-01 -2.092211592180351687e+00
2.000000000000000000e+00 1.000000000000000000e+00 3.500032879710597733e+00 -9.091152555864775664e+00 -8.778590039503324505e-01 5.648393169693299853e+00
-3.000000000000000000e+00 2.000000000000000000e+00 1.989844081980441493e+00 -1.479933410756611245e+01 1.728621903871868204e+00 7.629240237435017669e+00
3.000000000000000000e+00 0.000000000000000000e+00 3.280646196318988572e+00 -5.822931926275067838e+00 -2.164585816253270956e+00 -1.740091337993296960e+00
0.000000000000000000e+00 2.000000000000000000e+00 1.955570183549926400e+00 -2.853905544865810384e+00 -1.968032194658975165e-01 1.338425616460796874e+01
3.000000000000000000e+00 -2.000000000000000000e+00 3.590128257236259390e+00 5.310543545051022107e+00 -1.966900275223519179e+00 -1.235428072836589131e+01
0.000000000000000000e+00 1.000000000000000000e+00 2.151981949588127385e+00 -1.478559884551419756e+01 3.646778032124053937e-02 1.008256474294164207e+00
-3.000000000000000000e+00 -1.000000000000000000e+00 1.450494314472218438e+00 -1.296632768194976748e+01 1.640088081795245678e+00 -1.128276090851441538e+00
-2.000000000000000000e+00 -3.000000000000000000e+00 1.017988013545714887e+00 1.017229467928262565e+01 1.379449378387644254e+00 -2.033438183265981536e+01
-1.000000000000000000e+00 -2.000000000000000000e+00 3.299697431184353213e+00 9.399734392937045158e+00 4.837130478372189124e-01 -1.606355181748092775e+01
-3.000000000000000000e+00 0.000000000000000000e+00 1.706278590542339657e+00 7.125542369439273216e+00 1.829643163317911991e+00 -3.148435684745980012e+00
3.000000000000000000e+00 -2.000000000000000000e+00 3.712564625112088290e+00 4.779397087393018495e+00 -1.270187426156385690e+00 -1.270059372547958532e+01
0.000000000000000000e+00 0.000000000000000000e+00 1.355797470372191782e+00 8.375435181199915036e+00 3.509180104325073657e-01 -2.115452730620717148e+00
-3.000000000000000000e+00 -3.000000000000000000e+00 1.793200854221862484e+00 8.222999823721149681e+00 1.710612653290415119e+00 -1.717622351884606502e+01
-1.000000000000000000e+00 -2.000000000000000000e+00 1.182478067868756089e+00 7.835162136556736101e+00 9.099885637887648038e-01 -1.426742834494113055e+01
1.000000000000000000e+00 -2.000000000000000000e+00 2.364211742471159283e+00 7.883188406536454806e+00 -3.894928373745132344e-01 -1.263718325368030193e+01
0.000000000000000000e+00 -1.000000000000000000e+00 1.121486815994950703e+00 1.012678714244452038e+01 4.133542340147697836e-01 -7.197565273260924101e+00
1.000000000000000000e+00 0.000000000000000000e+00 2.722799659863670563e+00 1.364813148046743052e+01 -5.107678789015190901e-01 -3.604519506337759083e+00
-1.000000000000000000e+00 -3.000000000000000000e+00 3.439465002244286751e+00 1.352902133831041809e+01 1.342404731833668485e-01 -2.020901235788375061e+01
3.000000000000000000e+00 3.000000000000000000e+00 3.217944116974104318e+00 -1.287155890871745889e+01 -2.212494831810349005e+00 1.738191236511385540e+01
3.000000000000000000e+00 -2.000000000000000000e+00 3.753260834735530516e+00 6.126229523306555791e+00 -1.325132858077842979e+00 -1.444217456103622865e+01
0.000000000000000000e+00 1.000000000000000000e+00 1.249083262114766946e+00 3.397361523124743599e+00 1.219688295731597982e-01 3.928916994655494932e+00
-3.000000000000000000e+00 -3.000000000000000000e+00 1.209112150941506147e+00 1.285045659562388920e+00 2.543180178082163678e+00 -1.605264589188547220e+01
-3.000000000000000000e+00 0.000000000000000000e+00 1.139394212257993200e+00 -8.126703058800671897e+00 2.603166172457281213e+00 1.091766986310539700e+00
3.000000000000000000e+00 2.000000000000000000e+00 3.014806013828086328e+00 -9.702412184044117538e+00 -1.667352791579957971e+00 9.569276402181937868e+00
-2.000000000000000000e+00 -1.000000000000000000e+00 2.300255289137919767e+00 -7.078891915566583037e+00 1.231810715619890750e+00 -1.715510242297124677e+00
-1.000000000000000000e+00 3.000000000000000000e+00 2.279048785453434256e+00 -9.943684135594608620e+00 5.618189699751727773e-01 2.001061335265990948e+01
2.000000000000000000e+00 -2.000000000000000000e+00 3.087923601908219240e+00 -3.526000728383225535e+00 -1.006390369794701201e+00 -1.088681377605099065e+01
3.000000000000000000e+00 -3.000000000000000000e+00 3.775904269939120539e+00 9.625337805324019058e+00 -2.436945497575408570e+00 -2.052797285886667211e+01
-3.000000000000000000e+00 3.000000000000000000e+00 1.450634509633508706e+00 -9.827805780803398505e+00 2.522719187112120842e+00 1.897444311215555146e+01
0.000000000000000000e+00 3.000000000000000000e+00 3.252687922718711544e+00 -7.504106877473864401e+00 4.006854417860283846e-02 1.789774389953767297e+01
3.000000000000000000e+00 3.000000000000000000e+00 3.690238812372828470e+00 -9.643593605139527014e+00 -2.206895418633218586e+00 1.487205396380150368e+01
3.000000000000000000e+00 0.000000000000000000e+00 3.950098552735453517e+00 1.307900751407924389e-01 -2.815558091999870616e+00 2.403908963184138159e+00
1.000000000000000000e+00 0.000000000000000000e+00 1.991195085122000163e+00 -1.273232082374697427e+00 -7.543736057036503073e-01 1.470465442318964477e+00
-1.000000000000000000e+00 0.000000000000000000e+00 1.120864083470039185e+00 1.559691830494660536e+00 8.848669086777267712e-01 -2.554267317696384154e+00
-3.000000000000000000e+00 0.000000000000000000e+00 1.015986713574715150e+00 9.519235883288480693e+00 1.964779951389672430e+00 -2.803866596429475777e+00
0.000000000000000000e+00 -2.000000000000000000e+00 1.003543081568688322e+00 -3.132401325879612841e+00 1.625757935592284653e-01 -1.119236162298684256e+01
1.000000000000000000e+00 3.000000000000000000e+00 3.776001167357231125e+00 -1.063551002846496907e+01 -1.942406751530665332e-01 1.400896103955827421e+01
-3.000000000000000000e+00 -1.000000000000000000e+00 1.146220206424087174e+00 -6.575071296774629204e+00 2.644091546089606837e+00 -6.093649255335998660e+00
3.000000000000000000e+00 3.000000000000000000e+00 3.784997315175825161e+00 -7.004984260675350960e+00 -1.827831456560506496e+00 1.536227175424841818e+01
3.000000000000000000e+00 -2.000000000000000000e+00 3.878399308528958755e+00 6.835770146325177876e+00 -2.522645618541419665e+00 -1.313252121305708187e+01
3.000000000000000000e+00 1.000000000000000000e+00 3.892762083247922167e+00 4.636587730994982337e+00 -2.824601375377777224e+00 5.901430747536640098e+00
3.000000000000000000e+00 1.000000000000000000e+00 3.604038457444127985e+00 -6.294523496155171927e+00 -1.491254000573257521e+00 3.470825399289076074e+00
3.000000000000000000e+00 0.000000000000000000e+00 3.366626574727251686e+00 1.439351158251708185e+01 -1.736416077735139618e+00 -2.871235771559966565e+00
0.000000000000000000e+00 -2.000000000000000000e+00 1.821194168757662268e+00 1.243939826354532485e+01 -1.526057631226014344e-01 -1.330418040700994453e+01
3.000000000000000000e+00 0.000000000000000000e+00 3.872626799457026703e+00 1.764540295611009668e+00 -2.342215078122749095e+00 -1.527076288743936416e+00
3.000000000000000000e+00 -1.000000000000000000e+00 3.573191848325617759e+00 -5.777448278846753382e+00 -1.518795826253255488e+00 -6.088019168695643302e+00
2.000000000000000000e+00 3.000000000000000000e+00 3.349359141060578082e+00 -8.173910069365252440e+00 -9.255046900148360400e-01 1.788851609663555209e+01
1.000000000000000000e+00 3.000000000000000000e+00 3.547900676248766150e+00 -8.196157276544797199e+00 -3.471459576591002794e-01 1.846427671237438517e+01
-2.000000000000000000e+00 2.000000000000000000e+00 3.096607760901592954e+00 2.185075596779135765e+00 7.494502901329762601e-01 1.234603745036853439e+01
3.000000000000000000e+00 0.000000000000000000e+00 2.549601428673071268e+00 9.209479893701914222e+00 -1.501547648702869164e+00 -3.509908046364444090e+00
0.000000000000000000e+00 -3.000000000000000000e+00 1.276730140700286675e+00 4.055005394260462026e+00 2.481492847235209354e-01 -1.710224196898430904e+01
3.000000000000000000e+00 0.000000000000000000e+00 3.413374660650661419e+00 9.316116423507246225e+00 -2.374502979199856867e+00 3.609146949778182289e+00
1.000000000000000000e+00 1.000000000000000000e+00 2.937772298509794044e+00 -8.729835185190673030e+00 -7.541371234555911407e-01 5.779195231377713071e+00
0.000000000000000000e+00 3.000000000000000000e+00 1.110976384149592988e+00 -1.077278084461120855e+01 3.806898742696047666e-01 2.531277639529330159e+01
-2.000000000000000000e+00 1.000000000000000000e+00 1.948516580611405979e+00 -2.255237521211091334e+00 1.111792822097392053e+00 6.030191222331700018e+00
0.000000000000000000e+00 2.000000000000000000e+00 3.047702385574170059e+00 -2.824936808739524352e+00 -4.808787837226180528e-02 7.926752439925861538e+00
-2.000000000000000000e+00 1.000000000000000000e+00 2.302010380327367933e+00 -1.470067238265732179e+01 9.816831625452002719e-01 1.600121133296001474e+00
-1.000000000000000000e+00 -1.000000000000000000e+00 2.313940126992979796e+00 1.275473868032499780e+01 4.123887132854275883e-01 -1.007846438169377734e+01
0.000000000000000000e+00 -2.000000000000000000e+00 1.577175683330930722e+00 1.301131523813806723e+01 -3.738489644516240773e-02 -1.519248320171821121e+01
0.000000000000000000e+00 0.000000000000000000e+00 1.964554195714849794e+00 -3.528422706068676362e+00 3.301727336353832420e-01 -9.960380719107604364e-01
0.000000000000000000e+00 1.000000000000000000e+00 1.872170382802868405e+00 -3.448365907591693258e+00 1.557317006960936556e-01 6.042253697872059348e+00
0.000000000000000000e+00 -2.000000000000000000e+00 1.405016835532921338e+00 -2.326520878743156828e-01 2.158037310017575372e-01 -1.119401825266998252e+01
2.000000000000000000e+00 1.000000000000000000e+00 3.798264883256813995e+00 -8.255420675872219505e+00 -9.259958004887360872e-01 2.890647937056032291e+00
-3.000000000000000000e+00 -2.000000000000000000e+00 1.001842213668950876e+00 -1.094941355745767453e+00 2.133624600669310922e+00 -1.250076434671132475e+01
3.000000000000000000e+00 3.000000000000000000e+00 3.614292830067012297e+00 -9.983123379697302013e+00 -1.575030547837874106e+00 1.906084656555661638e+01
2.000000000000000000e+00 2.000000000000000000e+00 3.953826986103309515e+00 -6.019827421215182994e+00 -1.068692762510062622e+00 8.120483133045567570e+00
-2.000000000000000000e+00 0.000000000000000000e+00 1.501644789854635897e+00 1.223605534536798700e+01 1.163830996037552135e+00 -2.306021760930793363e+00
1.000000000000000000e+00 0.000000000000000000e+00 2.086629508767775310e+00 9.712685506513640377e+00 -6.954261327239359414e-01 -3.401146584863131039e+00
-1.000000000000000000e+00 -2.000000000000000000e+00 2.851604707802114724e+00 7.090188352401071370e+00 2.298217744524402306e-01 -1.448062211270853616e+01
2.000000000000000000e+00 2.000000000000000000e+00 2.970490131690064040e+00 -9.860986213601693251e+00 -1.271090688434716842e+00 9.851418548177893086e+00
1.000000000000000000e+00 3.000000000000000000e+00 1.774183102209503371e+00 -1.408872930011002289e+01 -7.311126386476820560e-01 2.638006834463338635e+01
-2.000000000000000000e+00 -2.000000000000000000e+00 1.860231573269060412e+00 3.109907978503361647e+00 1.061491035872518029e+00 -1.421070788643030092e+01
1.000000000000000000e+00 2.000000000000000000e+00 3.881070842435887513e+00 -8.047495707110206453e+00 -4.901927693496399563e-01 8.747483385350633966e+00
0.000000000000000000e+00 0.000000000000000000e+00 2.038341670762978453e+00 7.106362276064214001e+00 2.991417191097949235e-01 -3.050873287513255150e+00
1.000000000000000000e+00 0.000000000000000000e+00 2.889887800410852581e+00 -7.015461523418535350e+00 -3.126373062770420042e-01 6.207344016985949509e-01
3.000000000000000000e+00 0.000000000000000000e+00 3.131267831281565162e+00 -5.628457557966001445e+00 -1.831908068266958178e+00 -1.080284753555853072e+00
0.000000000000000000e+00 0.000000000000000000e+00 1.119104089961909132e+00 1.148539753634713279e+01 2.072385523854203271e-02 2.352968391821523397e+00
1.000000000000000000e+00 -3.000000000000000000e+00 1.894625660383452370e+00 7.659818817022756576e+00 -6.799744502204518870e-01 -2.116529701860009283e+01
-2.000000000000000000e+00 -2.000000000000000000e+00 2.692285793744910283e+00 1.462320496619269150e+01 1.159354178931417678e+00 -1.692598842049912022e+01
1.000000000000000000e+00 2.000000000000000000e+00 2.053145168854501712e+00 -1.128822180684795029e+01 -6.492337150401796819e-01 1.009206969329421000e+01
-2.000000000000000000e+00 0.000000000000000000e+00 1.826833439694034000e+00 9.065392792381878451e+00 1.170175095056589010e+00 -3.058436614647064289e+00
-1.000000000000000000e+00 0.000000000000000000e+00 2.355169000706753835e+00 1.356005857570988837e+01 7.732264773964252491e-01 -8.740647678715873781e-01
-2.000000000000000000e+00 0.000000000000000000e+00 1.668866218842560034e+00 1.015250232077237769e+01 1.535930793943184103e+00 1.281246329713745524e-01
3.000000000000000000e+00 -2.000000000000000000e+00 2.500726219654884286e+00 1.366586776135502390e+01 -1.485079348445738745e+00 -1.661646097293400715e+01
1.000000000000000000e+00 1.000000000000000000e+00 1.742209727539405506e+00 -1.373287054059301582e+01 -5.804011882544934942e-01 1.728115931661619697e+00
1.000000000000000000e+00 1.000000000000000000e+00 1.562430748621513654e+00 -1.122034240857021459e+01 -4.510822524658026911e-01 3.608951241040593061e+00
-1.000000000000000000e+00 3.000000000000000000e+00 1.746276828419659477e+00 -1.203097794310670210e+01 7.589310565858569113e-01 2.651365769269564510e+01
-1.000000000000000000e+00 -2.000000000000000000e+00 1.497546468462262581e+00 7.980414081799764858e-01 6.486705824442715596e-01 -1.036783452396375615e+01
-2.000000000000000000e+00 3.000000000000000000e+00 1.408512430529172965e+00 -1.225814535711578657e+01 1.354112756904610082e+00 1.692447330796523985e+01
-1.000000000000000000e+00 3.000000000000000000e+00 3.316100520589701617e+00 -5.493730806071875250e+00 2.296707305654468456e-01 1.401411561326871968e+01
1.000000000000000000e+00 2.000000000000000000e+00 3.587345124921748507e+00 -2.860312522076299047e+00 -3.659688411067256730e-01 1.026803672391374178e+01
-3.000000000000000000e+00 3.000000000000000000e+00 1.181075000220954241e+00 -1.423118907462333560e+01 1.739624468543547575e+00 2.861889165556051040e+01
1.000000000000000000e+00 2.000000000000000000e+00 3.039082145959778103e+00 -9.820852291119006594e+00 -2.626812755136240796e-01 1.219611564187208330e+01
1.000000000000000000e+00 -2.000000000000000000e+00 2.320558422451461933e+00 9.889388082428183679e+00 -4.383531000398923627e-01 -1.119488840483725589e+01
-3.000000000000000000e+00 -1.000000000000000000e+00 1.261359098052438732e+00 -5.721962135078584311e-01 2.673142382861498412e+00 -6.363325040315405801e+00
2.000000000000000000e+00 -3.000000000000000000e+00 2.347855891159554176e+00 1.288900608439584516e+01 -9.702176217973619288e-01 -2.190607465314871760e+01
-3.000000000000000000e+00 0.000000000000000000e+00 1.282459525635705866e+00 5.529634277183088642e-01 2.515016953595416105e+00 -4.275585913724491149e-01
0.000000000000000000e+00 0.000000000000000000e+00 1.125945302618482691e+00 -3.264321137414757601e+00 2.989176587820618902e-01 -1.525723242829327475e+00
0.000000000000000000e+00 0.000000000000000000e+00 1.328931955176554602e+00 -1.046186793775989621e+01 -2.649832362060271507e-01 -7.144038097021425671e-01
0.000000000000000000e+00 -3.000000000000000000e+00 3.036001874106438958e+00 8.972869134451787687e+00 3.137303620680942373e-02 -2.218470775432633602e+01
3.000000000000000000e+00 0.000000000000000000e+00 3.502294386875104415e+00 9.788517119568325597e+00 -2.437127978394299177e+00 3.702061663799412372e+00
2.000000000000000000e+00 -1.000000000000000000e+00 2.775771149761979029e+00 -1.144919688069935049e+01 -1.328166354383213843e+00 -2.803656857211002773e+00
0.000000000000000000e+00 2.000000000000000000e+00 3.901291543088083014e+00 -7.451069998580907239e+00 -4.319461657108414343e-02 1.203494412862492347e+01
-3.000000000000000000e+00 -3.000000000000000000e+00 2.187632144211961283e+00 1.079085111059672997e+01 1.573819635317263099e+00 -2.294863645617787995e+01
3.000000000000000000e+00 -3.000000000000000000e+00 3.927156622853852141e+00 1.124015884532665410e+01 -1.922256331205105084e+00 -2.214516552427500073e+01
3.000000000000000000e+00 -1.000000000000000000e+00 3.156957235172153098e+00 -8.918004262019394446e+00 -2.122109433638332820e+00 -4.198379634986746822e+00
-3.000000000000000000e+00 -1.000000000000000000e+00 1.752901997946166635e+00 1.299948094988657843e+01 1.623504453358956212e+00 -8.023587803539719232e+00
0.000000000000000000e+00 -1.000000000000000000e+00 1.344235693306270019e+00 -8.287915394941297365e+00 1.205997653765846778e-01 -1.761616288971868727e+00
-2.000000000000000000e+00 -1.000000000000000000e+00 1.272603500547633715e+00 6.435323625295200856e+00 1.074483442969884184e+00 -6.010714747027575910e+00
3.000000000000000000e+00 -1.000000000000000000e+00 3.506769587662832421e+00 -4.612579565985738483e+00 -2.090243504046334522e+00 -7.371943954039027247e+00
-3.000000000000000000e+00 -2.000000000000000000e+00 1.838738931826571665e+00 -2.805365403244703515e+00 2.031406157052983552e+00 -8.947587813199628926e+00
3.000000000000000000e+00 0.000000000000000000e+00 3.812367304134961277e+00 -5.617938273890320744e+00 -1.405982255901087719e+00 -9.822966794533289914e-01
-1.000000000000000000e+00 -1.000000000000000000e+00 1.523395885849106346e+00 -5.038441303263656579e-01 6.992174894739231483e-01 -3.173945953477227633e+00
-1.000000000000000000e+00 0.000000000000000000e+00 1.519754954197920505e+00 6.085354334924954145e+00 8.248937264648130707e-01 -1.051004551524592046e+00
-1.000000000000000000e+00 3.000000000000000000e+00 1.470131309413931220e+00 -6.391972630443024883e+00 8.274176010736735698e-01 1.971332669602719179e+01
-2.000000000000000000e+00 -1.000000000000000000e+00 1.311566468105232142e+00 -1.062516730759634598e+00 1.148952241540756480e+00 -5.310181222257014610e+00
0.000000000000000000e+00 1.000000000000000000e+00 1.402031823625942142e+00 5.482405322866355846e+00 7.674445119851247554e-02 5.189378251652637886e+00
1.000000000000000000e+00 -2.000000000000000000e+00 3.893830851203824217e+00 8.789857580044305507e+00 -1.441331559833858300e-01 -1.248325001082185537e+01
-3.000000000000000000e+00 0.000000000000000000e+00 1.741329594136663328e+00 3.233012648864381333e+00 1.826979951252972523e+00 -2.038886373008494957e+00
2.000000000000000000e+00 2.000000000000000000e+00 3.952710456959122265e+00 -4.717181252272323988e+00 -9.474853594685654912e-01 1.122033018537856286e+01
3.000000000000000000e+00 3.000000000000000000e+00 3.478320755696199029e+00 -4.801769137275114119e+00 -1.496929995657153567e+00 1.679734841150027336e+01
2.000000000000000000e+00 -3.000000000000000000e+00 3.890827128583573380e+00 1.115041622464654836e+01 -7.712878817011019628e-01 -2.515102948046827436e+01
-2.000000000000000000e+00 1.000000000000000000e+00 2.251170796176095390e+00 -8.218098004576887661e+00 8.790420751819576495e-01 2.116959946165664519e+00
-3.000000000000000000e+00 0.000000000000000000e+00 1.458364267613632581e+00 1.332662195685657380e+01 1.872336803096502411e+00 -1.550841798391900284e+00
-1.000000000000000000e+00 -3.000000000000000000e+00 2.367989872906673732e+00 1.358159532467259112e+01 4.680190409102489291e-01 -1.844680004328501610e+01
-1.000000000000000000e+00 -1.000000000000000000e+00 1.982040956368982032e+00 2.650750492826549731e+00 7.360552048799211544e-01 -8.432756314609907378e+00
1.000000000000000000e+00 -2.000000000000000000e+00 3.528584391330715775e+00 4.465956509330300861e+00 -3.203768647845475215e-01 -1.419382517599638049e+01
-3.000000000000000000e+00 -2.000000000000000000e+00 1.567056735849772453e+00 1.315120557623232145e+01 2.127332221229767839e+00 -1.202769921357678840e+01
-2.000000000000000000e+00 -2.000000000000000000e+00 2.120236275972346096e+00 8.392576593260393736e+00 1.440974186742464802e+00 -1.516920914195389791e+01
-1.000000000000000000e+00 2.000000000000000000e+00 1.390329350490542737e+00 3.056829691291667928e+00 8.790966741833705633e-01 1.025605879742252213e+01
-2.000000000000000000e+00 1.000000000000000000e+00 2.555198251034841217e+00 -9.821528264845404976e+00 1.105880218282493832e+00 4.543691719677985574e+00
-2.000000000000000000e+00 0.000000000000000000e+00 1.736055443571133949e+00 8.227874243653701569e+00 1.534959104961150622e+00 6.013506923306621843e-02
3.000000000000000000e+00 0.000000000000000000e+00 2.681089788522654338e+00 -1.463211331936028614e+01 -1.541763844431290442e+00 2.702879499067751823e-01
-3.000000000000000000e+00 3.000000000000000000e+00 2.033302439735352962e+00 -1.439300579782667810e+01 1.593292601179046919e+00 2.551774125222362599e+01
-1.000000000000000000e+00 -3.000000000000000000e+00 1.807833017152471466e+00 8.232515563549384296e+00 9.246461996650450210e-01 -1.873273385490161402e+01
0.000000000000000000e+00 -1.000000000000000000e+00 3.460920536061096620e+00 -5.405663823261926737e+00 5.999993733010366981e-02 -5.492171524658635562e+00
0.000000000000000000e+00 1.000000000000000000e+00 1.877519435846627172e+00 3.140110213063362465e+00 -2.854978077364476174e-01 8.256259869033424792e+00
-3.000000000000000000e+00 -2.000000000000000000e+00 1.116176804393990363e+00 6.962894697353913642e+00 1.713984481740687293e+00 -1.068842621622402334e+01
0.000000000000000000e+00 2.000000000000000000e+00 1.081056037457190477e+00 -3.001302755818754164e+00 -5.896759659849148960e-02 8.665436947360296571e+00
3.000000000000000000e+00 1.000000000000000000e+00 3.664001931340555629e+00 -6.039938838954785894e+00 -1.738696411382081974e+00 2.037398755470448464e+00
3.000000000000000000e+00 2.000000000000000000e+00 3.867060775328693190e+00 -5.407259863294513025e+00 -2.775203186158301083e+00 1.228165557515267281e+01
-2.000000000000000000e+00 -3.000000000000000000e+00 1.826548160189172432e+00 1.045248901052204360e+01 1.153977890695828012e+00 -1.859374305726830912e+01
-2.000000000000000000e+00 3.000000000000000000e+00 1.185185952258351660e+00 -1.486896182022104007e+01 1.149988556967925790e+00 2.074608836112999910e+01
1.000000000000000000e+00 3.000000000000000000e+00 2.768001659569595319e+00 -1.448795443472363687e+01 -5.506097983631015325e-01 2.215551127734793724e+01
-2.000000000000000000e+00 2.000000000000000000e+00 1.739179356732086790e+00 -1.335315675493486687e+01 1.430440914437399735e+00 1.087217045969499019e+01
-3.000000000000000000e+00 3.000000000000000000e+00 1.317815562649266248e+00 -1.197042135976657917e+01 2.521420388917848587e+00 1.302405388493339800e+01
-2.000000000000000000e+00 1.000000000000000000e+00 1.579685375038751394e+00 -4.803808921578216484e-01 1.221634033239590744e+00 8.034093601745919244e+00
0.000000000000000000e+00 -3.000000000000000000e+00 1.277775017499024779e+00 1.484573765874728934e+01 3.148284196582109562e-01 -2.673978200776885927e+01
1.000000000000000000e+00 -3.000000000000000000e+00 2.316999150799299301e+00 7.887773427093602407e+00 -7.736711524653798744e-01 -2.109733195608813716e+01
3.000000000000000000e+00 -1.000000000000000000e+00 3.970830274751023126e+00 -1.894790726437198813e+00 -2.290856177399227089e+00 -7.267404231951674731e+00
-3.000000000000000000e+00 -2.000000000000000000e+00 1.318139688329927228e+00 1.456943719461193609e+01 2.598082634600930696e+00 -1.050710109260387526e+01
2.000000000000000000e+00 0.000000000000000000e+00 3.060039902410724544e+00 1.020070545287295616e+01 -9.851841564406380591e-01 3.157093087453326063e+00
2.000000000000000000e+00 -3.000000000000000000e+00 3.651609003223641459e+00 5.226769488096593363e+00 -1.118380904780983620e+00 -1.759034984488167552e+01
-1.000000000000000000e+00 3.000000000000000000e+00 2.183340999685944084e+00 -7.713314521778372068e+00 8.472140998236961096e-01 1.694833945956006716e+01
-1.000000000000000000e+00 -3.000000000000000000e+00 3.631034745814529785e+00 1.344878372394187238e+01 1.629823153813143577e-01 -2.793060710218655629e+01
-2.000000000000000000e+00 -2.000000000000000000e+00 1.915950107090385934e+00 -4.125117512445559242e+00 1.294236211111355228e+00 -1.045537663575251131e+01
3.000000000000000000e+00 -2.000000000000000000e+00 3.880795065087101925e+00 1.200451489467710076e+01 -1.653353335053342477e+00 -1.268326563495769754e+01
1.000000000000000000e+00 3.000000000000000000e+00 3.845912113935396448e+00 -1.049918969716229711e+01 -1.406091181878759144e-01 2.228231482623560566e+01
3.000000000000000000e+00 1.000000000000000000e+00 3.622185914785653882e+00 3.733253790308655340e+00 -1.443447891578232500e+00 6.631742278267232393e+00
0.000000000000000000e+00 -1.000000000000000000e+00 1.440887416747444583e+00 1.460687866951908376e+01 1.397818775247987588e-01 -1.036852227422934902e+01
0.000000000000000000e+00 3.000000000000000000e+00 1.693228357392451811e+00 -4.964831022345457257e-01 8.890382317062983653e-02 1.494334129204167638e+01
-1.000000000000000000e+00 1.000000000000000000e+00 3.824280599033783368e+00 -6.129333868229521087e+00 1.635291404358025780e-01 1.862016777384896571e+00
2.000000000000000000e+00 1.000000000000000000e+00 3.539140967246892977e+00 2.450947240674445027e+00 -1.190194575530290066e+00 6.587483250300778082e+00
-1.000000000000000000e+00 -3.000000000000000000e+00 1.154543954520539817e+00 6.617082200213069143e+00 1.010690033301675950e+00 -2.055639218100686705e+01
-1.000000000000000000e+00 2.000000000000000000e+00 2.767888556251918430e+00 -9.699952174409636640e+00 3.593578756865634105e-01 1.242887987919567827e+01
3.000000000000000000e+00 -2.000000000000000000e+00 3.562414973342977298e+00 4.195822608361797990e+00 -2.306239264857746107e+00 -1.480480736501428396e+01
-2.000000000000000000e+00 -3.000000000000000000e+00 2.782138016210607745e+00 7.727550845118404510e+00 9.469413925363885376e-01 -2.176629004096144371e+01
-2.000000000000000000e+00 -2.000000000000000000e+00 1.864480048862027006e+00 6.027197815130165282e-01 1.033266726207554553e+00 -1.299573634728907479e+01
2.000000000000000000e+00 -3.000000000000000000e+00 3.511631386652949161e+00 1.173815897052885404e+01 -1.145162406188962478e+00 -2.582464759373334573e+01
-1.000000000000000000e+00 -1.000000000000000000e+00 1.136173247561495181e+00 4.226905661509697154e+00 6.485662147237660768e-01 -6.328853394354725381e+00
2.000000000000000000e+00 2.000000000000000000e+00 3.963543092212661545e+00 6.050934427916470071e-01 -8.355546172109273861e-01 1.162385087463437294e+01
2.000000000000000000e+00 -1.000000000000000000e+00 3.025972815490891588e+00 -4.280415894292399770e-01 -9.013790922946891548e-01 -6.149009965859729476e+00
0.000000000000000000e+00 0.000000000000000000e+00 1.467421417739174228e+00 1.193741185019941042e+01 1.193057967819304288e-01 -8.957849959474373236e-02
2.000000000000000000e+00 1.000000000000000000e+00 3.650296588615574489e+00 4.284463289499740313e-02 -1.093724242810838909e+00 6.150798119986063739e+00
3.000000000000000000e+00 2.000000000000000000e+00 3.779365369386034956e+00 -8.952633939341485103e+00 -2.260276179732389146e+00 1.297865489403546135e+01
-3.000000000000000000e+00 1.000000000000000000e+00 1.218359152362424869e+00 -2.982793815982400787e-01 2.191791865255725114e+00 7.423145789927938054e+00
-3.000000000000000000e+00 -1.000000000000000000e+00 1.748259796360036145e+00 -1.368795952303942798e+00 2.214526949430179137e+00 -6.139001301729933857e+00
0.000000000000000000e+00 3.000000000000000000e+00 1.318143413563487076e+00 -8.855159696176723827e+00 -2.165540228046218818e-01 1.860796498448737069e+01
3.000000000000000000e+00 2.000000000000000000e+00 3.279294613589502916e+00 -5.911218116951834745e+00 -1.653554305964098470e+00 1.284253220299867770e+01
-3.000000000000000000e+00 -3.000000000000000000e+00 1.738978256987584015e+00 1.013964788563110986e+01 1.863690418016114680e+00 -2.435787875189378227e+01
3.000000000000000000e+00 -1.000000000000000000e+00 3.778959436851523357e+00 -2.794649466544559147e+00 -1.545264303842091014e+00 -3.196574871665768924e+00
3.000000000000000000e+00 0.000000000000000000e+00 3.954346385745145298e+00 1.084753421137207141e+01 -1.610719757864614188e+00 -2.406877332866596220e+00
0.000000000000000000e+00 2.000000000000000000e+00 1.229390302216003761e+00 -3.944509711308736399e+00 1.390890731954839143e-01 1.271543730366620650e+01
0.000000000000000000e+00 3.000000000000000000e+00 2.413960104815424668e+00 -1.216193687318323313e+01 -2.446413512513947452e-01 2.412360217348258118e+01
0.000000000000000000e+00 2.000000000000000000e+00 1.916374707405177347e+00 -3.002846830763667541e+00 1.296287078218361088e-01 1.071576550650259740e+01
0.000000000000000000e+00 2.000000000000000000e+00 1.193332410794409659e+00 -4.346698379823182634e+00 -4.894915524722320832e-02 8.171185478976665806e+00
1.000000000000000000e+00 0.000000000000000000e+00 3.442156570320370257e+00 1.165192745345220615e+01 -4.367027114587189729e-01 -1.110164167231708632e+00
-3.000000000000000000e+00 2.000000000000000000e+00 1.033243058855200402e+00 -1.013313749144148090e+01 2.436490582821544404e+00 8.652000740623970287e+00
-1.000000000000000000e+00 0.000000000000000000e+00 1.958523795331506889e+00 -3.599224102732721420e+00 5.152325132206021507e-01 1.381069388260671715e+00
0.000000000000000000e+00 -2.000000000000000000e+00 2.661790347695654813e+00 1.418580572608450652e+01 -2.318848110532294449e-01 -1.530302328623761987e+01
1.000000000000000000e+00 3.000000000000000000e+00 2.174009007453611808e+00 -1.248191926951446717e+01 -8.586825827856956472e-01 2.459459957060423818e+01
3.000000000000000000e+00 0.000000000000000000e+00 3.704001838189887597e+00 -2.379178142954586406e+00 -2.322069427009603615e+00 -1.228087274472539292e+00
2.000000000000000000e+00 -3.000000000000000000e+00 3.959098429261430407e+00 1.168420030854019842e+01 -6.667929828839906925e-01 -2.023276215970657788e+01
3.000000000000000000e+00 3.000000000000000000e+00 3.613670220278718315e+00 -6.933141900210234354e+00 -2.445368967621528000e+00 2.112759171497981470e+01
0.000000000000000000e+00 0.000000000000000000e+00 3.414607654690023253e+00 2.556743342279755637e+00 -1.570640554926772126e-02 -9.189063268628778758e-01
2.000000000000000000e+00 -2.000000000000000000e+00 3.659021256923731702e+00 1.300223909192493110e+01 -6.718287810702778806e-01 -1.463346654394116619e+01
-1.000000000000000000e+00 1.000000000000000000e+00 2.518921529106760815e+00 7.906087804877365954e+00 4.774808922950186663e-01 6.996413384594145413e+00
2.000000000000000000e+00 3.000000000000000000e+00 3.178655227010582784e+00 -1.160343234911968580e+01 -1.264393297049192455e+00 1.706971912117273504e+01
2.000000000000000000e+00 0.000000000000000000e+00 2.494999283499016229e+00 7.769738405294752681e+00 -8.823878081639309201e-01 -3.562054726735244259e+00
3.000000000000000000e+00 0.000000000000000000e+00 3.657724906439451917e+00 -4.808036044727282743e+00 -2.109717645046870871e+00 -1.015671382126404509e+00
-2.000000000000000000e+00 2.000000000000000000e+00 3.087721000570250673e+00 -3.494416957391138112e+00 8.255209399871796805e-01 8.866848369599821922e+00
-2.000000000000000000e+00 0.000000000000000000e+00 1.040302929331428983e+00 5.758195855478888348e+00 1.359631990385793854e+00 -2.490222802307854977e+00
-3.000000000000000000e+00 -1.000000000000000000e+00 1.454836347916465655e+00 1.142178270533184303e+01 1.821941695545854500e+00 -9.470294290778440427e+00
3.000000000000000000e+00 -2.000000000000000000e+00 3.569269832431116729e+00 -1.635111239250930382e+00 -2.568977602743731659e+00 -1.267240161816401844e+01
-1.000000000000000000e+00 3.000000000000000000e+00 2.091704364276025796e+00 -1.256586282836711632e+01 4.246503988133367713e-01 2.276582552008781235e+01
0.000000000000000000e+00 1.000000000000000000e+00 1.436165603746570429e+00 -2.625058697789622641e+00 -2.354638826252295480e-01 6.947218990527446181e+00
-3.000000000000000000e+00 -2.000000000000000000e+00 1.105963548578668743e+00 1.326531717246545838e+01 2.616189216227571723e+00 -1.422710427040260939e+01
-2.000000000000000000e+00 1.000000000000000000e+00 2.195794120302454466e+00 -8.363098397016212715e+00 9.410554765492618046e-01 5.214688554866592440e+00
1.000000000000000000e+00 2.000000000000000000e+00 3.581472737165618536e+00 -6.535767524178332621e+00 -3.932629090506742919e-01 1.148167186480531043e+01
1.000000000000000000e+00 2.000000000000000000e+00 3.347767642046398429e+00 -5.901924486077005483e+00 -4.275287824969176143e-01 7.676718201876800762e+00
3.000000000000000000e+00 -2.000000000000000000e+00 3.825261002262269283e+00 3.558691020407021455e+00 -2.241305903313456138e+00 -9.318742608622386570e+00
-1.000000000000000000e+00 3.000000000000000000e+00 1.963678344426156297e+00 -6.216578057478436392e+00 8.806611383866713716e-01 1.782435518304012945e+01
1.000000000000000000e+00 0.000000000000000000e+00 3.937835853566856059e+00 -1.369973554460099407e+01 -6.047113397806880286e-01 5.158296872913066267e-01
-3.000000000000000000e+00 2.000000000000000000e+00 1.133048115671058786e+00 8.460155586293538477e-03 2.851965273208691087e+00 1.216470111170462509e+01
-2.000000000000000000e+00 -2.000000000000000000e+00 1.821517378803330978e+00 1.091813264362150804e+01 1.547247474284104474e+00 -1.356263737656635904e+01
-1.000000000000000000e+00 3.000000000000000000e+00 1.726135940333362040e+00 -3.445987939910123643e+00 7.491461410123063658e-01 1.555246831083593939e+01
0.000000000000000000e+00 0.000000000000000000e+00 1.891359285310110883e+00 2.444381670026650966e+00 -3.490689547169785190e-01 -2.125524463845209766e+00
0.000000000000000000e+00 -3.000000000000000000e+00 2.771642290922885277e+00 1.065622158209682979e+01 -1.179544223355515342e-01 -1.715017046338873286e+01
2.000000000000000000e+00 -1.000000000000000000e+00 3.768402699629692876e+00 -7.089647172041115830e+00 -9.238944370135193651e-01 -3.541873540849109325e+00
-1.000000000000000000e+00 -3.000000000000000000e+00 1.398224263760321717e+00 1.133413025753085890e+01 7.737439699569625962e-01 -2.208296300679281643e+01
2.000000000000000000e+00 -1.000000000000000000e+00 3.059465117885697527e+00 1.277478218173790836e+01 -8.016862337621923906e-01 -5.967600815430326833e+00
3.000000000000000000e+00 0.000000000000000000e+00 3.404793089435994347e+00 4.003123747586258219e+00 -1.455487652539011023e+00 -1.427020583383324492e+00
-1.000000000000000000e+00 1.000000000000000000e+00 1.602248382179172204e+00 2.931021890002149632e+00 7.470495460015578182e-01 4.341981045269946549e+00
-3.000000000000000000e+00 2.000000000000000000e+00 1.284992946582886209e+00 -1.194747672624971990e+01 2.373586354536363796e+00 7.427476819913122696e+00
2.000000000000000000e+00 2.000000000000000000e+00 3.459834555533374711e+00 -1.219579714346638788e+01 -9.185182032239587180e-01 7.711889482418772701e+00
0.000000000000000000e+00 3.000000000000000000e+00 1.469856657576713133e+00 -3.488987806064853814e+00 -7.198185292834935467e-02 1.692698533754484203e+01
3.000000000000000000e+00 -1.000000000000000000e+00 3.719800716661385565e+00 4.058905412905907895e+00 -2.701118344296792539e+00 -5.441602107630579610e+00
3.000000000000000000e+00 -2.000000000000000000e+00 2.990644108416330660e+00 7.024157213986562454e+00 -1.803693108602768547e+00 -1.090075873276657781e+01
-2.000000000000000000e+00 0.000000000000000000e+00 1.796997637374532220e+00 1.101391403492483789e+01 1.539785374328815015e+00 2.176932013118637599e-01
-3.000000000000000000e+00 3.000000000000000000e+00 1.757002774886402108e+00 -2.328695089009308106e+00 1.684596197959528752e+00 1.560858292479867160e+01
1.000000000000000000e+00 -1.000000000000000000e+00 3.945423124795153225e+00 -5.102083127835040699e+00 -3.884383909005530988e-01 -2.997647665530106309e+00
0.000000000000000000e+00 0.000000000000000000e+00 1.201496470504688441e+00 7.821910899713703458e+00 3.129124241265790474e-02 2.973047749856217337e+00
1.000000000000000000e+00 -1.000000000000000000e+00 1.720157608250463710e+00 6.222332464782898143e-01 -4.230823977781330569e-01 -7.532699812236206327e+00
3.000000000000000000e+00 3.000000000000000000e+00 3.748762660328220697e+00 -1.096941066596699343e+01 -1.861535251117403478e+00 1.966774951745529165e+01
3.000000000000000000e+00 3.000000000000000000e+00 3.459764022711831366e+00 -5.212201903907388356e+00 -2.415654820527089797e+00 1.476230875784749585e+01
1.000000000000000000e+00 -3.000000000000000000e+00 1.671466888538767792e+00 6.709040763026017373e+00 -5.529914596495455470e-01 -1.962784503468729724e+01
2.000000000000000000e+00 3.000000000000000000e+00 2.994053350808902003e+00 -1.296559681887306681e+01 -1.301793444597134419e+00 1.629681115806377534e+01
-3.000000000000000000e+00 3.000000000000000000e+00 1.086606238335270147e+00 -1.006916019745596813e+01 2.309119929832235130e+00 1.843037340659410006e+01
0.000000000000000000e+00 -1.000000000000000000e+00 3.687165526843651620e+00 6.096060803343650747e+00 -1.907099615175233964e-02 -3.912447879413317509e+00
0.000000000000000000e+00 3.000000000000000000e+00 1.718190525453324957e+00 -1.277706070213142020e+01 5.354493842238983170e-02 2.070637371980399877e+01
0.000000000000000000e+00 -3.000000000000000000e+00 1.884078715185024677e+00 9.918296857637194819e+00 -2.594788120795492592e-01 -1.642782256204803559e+01
1.000000000000000000e+00 0.000000000000000000e+00 3.872929922055099450e+00 -7.937425868665140882e+00 -5.330586846212805874e-01 7.196356320241621418e-01
3.000000000000000000e+00 2.000000000000000000e+00 3.945943296382006693e+00 8.933505008651394519e-01 -2.684485139304246371e+00 8.661396739066148598e+00
-1.000000000000000000e+00 0.000000000000000000e+00 1.906408923911729003e+00 -7.255588132169233262e+00 6.075253611050317470e-01 1.394150929272747419e+00
-2.000000000000000000e+00 -3.000000000000000000e+00 1.140870417767626765e+00 1.201744203089701912e+01 1.431370964660015233e+00 -1.858099001841945608e+01
2.000000000000000000e+00 3.000000000000000000e+00 3.072341623112368580e+00 -7.754023801355135248e+00 -1.183502389835872970e+00 2.075905168846015769e+01
-3.000000000000000000e+00 -1.000000000000000000e+00 1.181889359405543960e+00 -4.183666417669520854e+00 1.752524772590063673e+00 -4.666300184508362037e+00
-3.000000000000000000e+00 -1.000000000000000000e+00 2.038813329623183179e+00 1.376782670116712737e+01 1.953465020681297126e+00 -6.407885061680996586e+00
3.000000000000000000e+00 2.000000000000000000e+00 3.931169893982605856e+00 3.563781119796711749e-01 -2.006590463256381351e+00 1.187971875977519964e+01
-1.000000000000000000e+00 0.000000000000000000e+00 1.669890154193387932e+00 2.272958057010676214e+00 6.743263678419819662e-01 3.737184624031115732e-01
3.000000000000000000e+00 -3.000000000000000000e+00 2.626935028401694794e+00 8.420246173353554298e+00 -1.601960215141363886e+00 -1.670468750856591456e+01
0.000000000000000000e+00 2.000000000000000000e+00 3.015705714086608147e+00 1.851093976861868384e+00 -1.323769063777646693e-01 8.780863054459622674e+00
3.000000000000000000e+00 -3.000000000000000000e+00 3.270631584561820127e+00 8.062839963064924120e+00 -1.929969410683340936e+00 -1.628116308933383038e+01
-1.000000000000000000e+00 -1.000000000000000000e+00 1.394633451560360893e+00 3.806273936971287242e-01 5.795275815098022143e-01 -6.189027064107365916e+00
-3.000000000000000000e+00 3.000000000000000000e+00 2.150711862768983629e+00 -1.288961397948159870e+01 1.698535554374072554e+00 2.085679906538084083e+01
-3.000000000000000000e+00 3.000000000000000000e+00 1.250045168995783218e+00 -1.068747544621719214e+01 1.756469246100452963e+00 1.279962013469112847e+01
-1.000000000000000000e+00 -1.000000000000000000e+00 2.324444358061292348e+00 1.161839399070184342e+01 4.781409266187726104e-01 -9.664305939711994142e+00
0.000000000000000000e+00 0.000000000000000000e+00 1.062261445581041741e+00 -1.999334840914581690e+00 4.037646350717749577e-01 4.307347707550590599e-03
2.000000000000000000e+00 1.000000000000000000e+00 3.965456845573403832e+00 6.717599870274057139e+00 -1.182997819067116652e+00 6.582622233623560248e+00
-1.000000000000000000e+00 -2.000000000000000000e+00 1.625230640356357892e+00 4.319610590277392248e+00 6.675125733844406994e-01 -1.009785932620523319e+01
1.000000000000000000e+00 -1.000000000000000000e+00 3.932115841767493514e+00 1.422453412542112261e+01 -6.014402166143932860e-01 -7.364892278489932664e+00
2.000000000000000000e+00 -1.000000000000000000e+00 3.640671220271783248e+00 4.107584428372383911e+00 -1.231614797421209051e+00 -6.244736281171499925e+00
-3.000000000000000000e+00 3.000000000000000000e+00 1.239293899485385708e+00 -5.105843529123267999e+00 1.858746505145852712e+00 1.409016997385492509e+01
1.000000000000000000e+00 -2.000000000000000000e+00 1.663171698992070624e+00 7.451630148326646719e+00 -5.181979889902483816e-01 -1.116230135761556319e+01
-3.000000000000000000e+00 1.000000000000000000e+00 1.663059031221979733e+00 -8.333689465241130634e+00 1.900580260094566931e+00 6.835831088421524981e+00
1.000000000000000000e+00 2.000000000000000000e+00 3.317248764958385721e+00 -6.955048793459189582e+00 -3.808570185367088357e-01 1.319319711351004720e+01
1.000000000000000000e+00 -3.000000000000000000e+00 1.897971612025566301e+00 1.398293508825592113e+01 -8.504384820176837945e-01 -2.396809242288073349e+01
-1.000000000000000000e+00 2.000000000000000000e+00 1.253264716843927928e+00 -9.374235357140756619e+00 9.563492177934853622e-01 9.182538571766199809e+00
2.000000000000000000e+00 1.000000000000000000e+00 3.087247850231446655e+00 -1.092134861311143368e+01 -7.389975615942505627e-01 5.604787197215195249e+00
3.000000000000000000e+00 -1.000000000000000000e+00 3.966266995155927066e+00 1.470908704683632351e+01 -1.580697399733890673e+00 -7.826734093462917485e+00
0.000000000000000000e+00 0.000000000000000000e+00 1.184605479267462735e+00 -2.676522263165409754e+00 -9.569101069210295130e-02 -1.991083106526378543e+00
1.000000000000000000e+00 -2.000000000000000000e+00 3.661635867941615885e+00 8.497600123568698649e+00 -2.331580643306594425e-01 -1.125025804525555273e+01
-3.000000000000000000e+00 -2.000000000000000000e+00 1.218160864539380661e+00 7.385659644944361446e+00 2.424839222293225571e+00 -1.460006728419898536e+01
0.000000000000000000e+00 2.000000000000000000e+00 1.520874782841345141e+00 -1.259318743531152762e+01 3.338141333671549305e-01 1.220325192332164299e+01
-3.000000000000000000e+00 3.000000000000000000e+00 1.173179308728032222e+00 -1.444468501664998783e+01 2.048608108987898913e+00 2.354192382190946731e+01
-1.000000000000000000e+00 3.000000000000000000e+00 1.996855348978122890e+00 -1.333475128505657992e+01 5.409402193691255079e-01 2.341899960865786667e+01
2.000000000000000000e+00 -1.000000000000000000e+00 3.166192417433664197e+00 5.641236855869863120e+00 -1.145181721034601807e+00 -8.482389712767885115e+00
0.000000000000000000e+00 -3.000000000000000000e+00 3.922709711813514133e+00 6.317852380207597207e+00 2.224723032287823088e-02 -1.720341479576179466e+01
0.000000000000000000e+00 1.000000000000000000e+00 3.751721308000451671e+00 -1.270817874446507290e+00 -4.905083129162424171e-02 7.363285126873517328e+00
1.000000000000000000e+00 2.000000000000000000e+00 3.113164398620678952e+00 -3.675669366589774611e+00 -6.008996674651081449e-01 9.808112390311242379e+00
-1.000000000000000000e+00 -3.000000000000000000e+00 3.624488034401669445e+00 6.971672469871428746e+00 3.448622400299279356e-01 -1.974787442322327635e+01
2.000000000000000000e+00 -1.000000000000000000e+00 3.957995080719619807e+00 -7.074272940009169730e-01 -7.471619261660693567e-01 -6.453266348362444838e+00
-1.000000000000000000e+00 -2.000000000000000000e+00 1.534895024010469955e+00 9.296461252954031806e+00 8.603164036037151963e-01 -1.109579789671503747e+01
-2.000000000000000000e+00 1.000000000000000000e+00 2.924923434076968309e+00 -1.006596677540145457e+01 9.995110874146289071e-01 2.308360681269889803e+00
1.000000000000000000e+00 2.000000000000000000e+00 3.267926791407099074e+00 -7.630722487382915808e+00 -3.204604547984009066e-01 9.063698278889503968e+00
0.000000000000000000e+00 2.000000000000000000e+00 1.534295329084623294e+00 -1.184878093749301264e+01 5.051171174570523448e-02 7.604567460154111558e+00
3.000000000000000000e+00 2.000000000000000000e+00 2.891387466686923258e+00 -1.323937453101175876e+01 -1.854270056920834797e+00 1.143282307352071570e+01
2.000000000000000000e+00 -1.000000000000000000e+00 2.377864121020805577e+00 1.358250746496433692e+01 -1.320590147395398262e+00 -7.564511483978950679e+00
-3.000000000000000000e+00 2.000000000000000000e+00 1.052246358926047565e+00 1.731231229685533890e+00 2.629499858519118050e+00 1.172271107826621872e+01
-3.000000000000000000e+00 -1.000000000000000000e+00 1.627530054778533852e+00 -6.849921869121278206e+00 1.808907421375817393e+00 -5.713924327655618640e+00
2.000000000000000000e+00 0.000000000000000000e+00 3.159902648631252475e+00 4.037729232445592231e+00 -1.276327250316526163e+00 -2.690480610473855450e-01
0.000000000000000000e+00 -1.000000000000000000e+00 3.361819853439515171e+00 1.024638736063965183e+01 8.468359498360555904e-03 -4.351093361390574898e+00
-3.000000000000000000e+00 2.000000000000000000e+00 1.349294262549355139e+00 -1.392775359079291064e+00 2.312741085740651403e+00 1.384920324064657748e+01
0.000000000000000000e+00 -3.000000000000000000e+00 3.561350138982211533e+00 8.541098963561974955e+00 -6.359087112071115655e-04 -1.742283652474220190e+01
0.000000000000000000e+00 2.000000000000000000e+00 3.121455287489224517e+00 -9.226406924131776321e+00 -1.623264712198739801e-01 1.226461620360536031e+01
-3.000000000000000000e+00 2.000000000000000000e+00 1.179058359620014151e+00 -1.142796218209553238e+01 1.842922125940708256e+00 9.048773082360959563e+00
2.000000000000000000e+00 -1.000000000000000000e+00 3.633813650763751291e+00 1.466902477141390193e+01 -1.100856717481046410e+00 -6.709717648823097846e+00
3.000000000000000000e+00 0.000000000000000000e+00 3.643582333327478828e+00 1.199020217796924470e+00 -2.193027062657114890e+00 1.560196772705477741e+00
0.000000000000000000e+00 2.000000000000000000e+00 3.014226679367491890e+00 1.276706319863894379e+00 -5.105763667260543315e-02 1.214031552400879121e+01
1.000000000000000000e+00 1.000000000000000000e+00 3.415619736696531739e+00 -4.478489881401067407e+00 -4.276695499172187276e-01 5.761367350217287964e+00
1.000000000000000000e+00 0.000000000000000000e+00 1.715593950453833783e+00 -4.107118499827693725e+00 -5.072107137591748138e-01 -1.837621728672241161e+00
0.000000000000000000e+00 3.000000000000000000e+00 1.673279321325658042e+00 -6.066460612205052172e+00 -3.191233916114306624e-01 1.454298653391355245e+01
3.000000000000000000e+00 -3.000000000000000000e+00 3.796801868264808810e+00 1.454171455746281794e+01 -2.563441835930056811e+00 -2.715166101146309785e+01
1.000000000000000000e+00 -2.000000000000000000e+00 2.744831826508080219e+00 1.195166058072799231e+01 -6.172496064839458896e-01 -1.529682479902657377e+01
-3.000000000000000000e+00 -2.000000000000000000e+00 1.104876304444443846e+00 -3.637989340237446356e-02 2.676020970586426184e+00 -1.394770991819414085e+01
-1.000000000000000000e+00 0.000000000000000000e+00 3.142462604713589513e+00 6.942062129478081545e-01 5.405454487447496348e-01 1.766532400131680447e+00
-3.000000000000000000e+00 2.000000000000000000e+00 1.405778182604469517e+00 -7.197838513662641269e+00 2.140829952066403141e+00 8.923927296282052168e+00
0.000000000000000000e+00 0.000000000000000000e+00 1.116928171636445422e+00 1.197579684528528787e+01 -7.769510849815253195e-03 -3.216630603247651266e+00
0.000000000000000000e+00 -3.000000000000000000e+00 1.147150377923493947e+00 1.103450663277859434e+01 4.712878900332051479e-02 -2.437075562940703932e+01
-3.000000000000000000e+00 3.000000000000000000e+00 1.855890252662898199e+00 -6.586554362021514564e+00 2.070064612442052976e+00 1.581007792774858522e+01
1.000000000000000000e+00 -2.000000000000000000e+00 3.325875269863357797e+00 -4.672553838311372942e-01 -6.791756414339489289e-01 -1.292944840925352423e+01
3.000000000000000000e+00 -1.000000000000000000e+00 3.270811982989826117e+00 -2.272215370813690072e+00 -1.391802581825904994e+00 -6.153694009689054667e+00
2.000000000000000000e+00 -1.000000000000000000e+00 3.974143876700245048e+00 9.052268814284410325e+00 -1.005315486633420630e+00 -7.546807872999963251e+00
1.000000000000000000e+00 3.000000000000000000e+00 2.147677674297429284e+00 -7.914005659634924861e+00 -3.329867241465835903e-01 1.527302408165806824e+01
3.000000000000000000e+00 2.000000000000000000e+00 3.299941535334117049e+00 -1.036658315576205780e+01 -2.041690550269164905e+00 7.176135412674446101e+00
3.000000000000000000e+00 0.000000000000000000e+00 3.981902173088314179e+00 1.762938155163180198e+00 -2.057518333584511971e+00 3.714450725705269463e-01
3.000000000000000000e+00 0.000000000000000000e+00 3.416615602526854367e+00 1.403337612031747383e+01 -1.705544646390693364e+00 -1.871477096734331269e+00
-1.000000000000000000e+00 -2.000000000000000000e+00 3.350262583646614889e+00 4.281333427086888577e+00 4.499019866173594728e-01 -9.910656309600547331e+00
-1.000000000000000000e+00 3.000000000000000000e+00 3.422346045827501015e+00 -1.121718646712639611e+01 5.422633800951093264e-01 1.768578815027575857e+01
-1.000000000000000000e+00 -2.000000000000000000e+00 2.387747921578833754e+00 1.326032361630468870e+01 5.176098322735849244e-01 -1.378951958064122252e+01
-1.000000000000000000e+00 2.000000000000000000e+00 3.173557605114245561e+00 -9.858876070427648131e+00 5.431160598527009498e-01 1.034521205671413746e+01
0.000000000000000000e+00 3.000000000000000000e+00 2.702798153461018593e+00 -1.398716263172228125e+01 1.195455078096019363e-02 1.837836353606429185e+01
0.000000000000000000e+00 -2.000000000000000000e+00 1.124674696608754632e+00 -5.161112818789455048e-01 -6.593034030785971389e-02 -1.130513009890165854e+01
-2.000000000000000000e+00 -3.000000000000000000e+00 2.603417945543051282e+00 1.134404116137459795e+01 1.039993461488246229e+00 -1.876189251261310176e+01
1.000000000000000000e+00 -2.000000000000000000e+00 1.765642068660038255e+00 8.044314768297990526e+00 -7.068838595158237759e-01 -1.234206889099468185e+01
3.000000000000000000e+00 -3.000000000000000000e+00 3.730646487704235792e+00 1.208809988431836402e+01 -2.014344267809950573e+00 -2.439785497544962567e+01
0.000000000000000000e+00 1.000000000000000000e+00 1.788270894021064095e+00 -8.239018252871272097e+00 -4.316594153341757334e-02 3.554237624131209472e+00
2.000000000000000000e+00 -1.000000000000000000e+00 2.385563596692756860e+00 -7.852745795955463848e+00 -8.663548443596744697e-01 -6.674114462308128992e+00
-3.000000000000000000e+00 2.000000000000000000e+00 1.591486124759211140e+00 -1.063649343320905061e+01 2.237414242211592796e+00 1.047024868446091794e+01
-2.000000000000000000e+00 -2.000000000000000000e+00 1.218606959202180651e+00 8.896742816743127946e+00 1.354800617383794314e+00 -1.275911046168222818e+01
3.000000000000000000e+00 0.000000000000000000e+00 3.841626056321797211e+00 1.781044302177118510e+00 -2.711076099798930272e+00 2.364973961246899847e+00
3.000000000000000000e+00 0.000000000000000000e+00 3.592247443905129956e+00 -1.348903173058204530e+01 -1.464895953448078103e+00 5.757918477581309702e-01
-2.000000000000000000e+00 -1.000000000000000000e+00 1.799441451761602195e+00 7.091850204747867537e+00 1.482587307490295103e+00 -9.242700046416411297e+00
3.000000000000000000e+00 1.000000000000000000e+00 3.749003142560348056e+00 4.806106457534990994e+00 -1.403710337530217789e+00 8.347168346720259535e+00
0.000000000000000000e+00 0.000000000000000000e+00 3.185286081225829236e+00 1.222678596041734167e+01 4.662844965267964881e-02 -1.878548824295467767e+00
-2.000000000000000000e+00 -3.000000000000000000e+00 2.612696540217579688e+00 1.316913226784934920e+01 9.126395844287591430e-01 -2.753874992247610010e+01
3.000000000000000000e+00 1.000000000000000000e+00 3.552721131368171470e+00 -1.205935341027293006e+01 -2.152510618644423612e+00 3.628423821252951598e+00
1.000000000000000000e+00 -2.000000000000000000e+00 1.854842021027991894e+00 3.476237133665094348e-01 -5.107362304261866548e-01 -9.531515546768982716e+00
-3.000000000000000000e+00 1.000000000000000000e+00 1.756651507411162605e+00 4.081176864449183483e+00 1.877615388264695095e+00 7.614212527644209416e+00
-2.000000000000000000e+00 3.000000000000000000e+00 1.571763405748852094e+00 -1.471601026763064723e+01 1.084805354597146554e+00 2.831317436667901788e+01
0.000000000000000000e+00 -1.000000000000000000e+00 1.362163281394238812e+00 -2.081354802794663783e-01 4.065385417952951386e-01 -3.906329740943840889e+00
1.000000000000000000e+00 -1.000000000000000000e+00 3.947754097675445273e+00 4.786367210346011092e+00 -4.854921154160538599e-01 -5.475787607173900895e+00
-1.000000000000000000e+00 -2.000000000000000000e+00 3.778876658412815281e+00 1.444252875429641136e+01 1.325690447137244377e-01 -1.303084964733265494e+01
0.000000000000000000e+00 3.000000000000000000e+00 1.200841963463173734e+00 -9.275180817090484808e+00 2.521461457809754947e-01 1.829696829368167244e+01
-3.000000000000000000e+00 0.000000000000000000e+00 1.272390044630799188e+00 -8.137951309586325621e+00 2.034052970074970546e+00 -1.075478249215601423e+00
-2.000000000000000000e+00 0.000000000000000000e+00 1.717959231579771373e+00 5.747633756681771899e+00 1.272927974041574206e+00 -2.490988610674431669e+00
-1.000000000000000000e+00 -1.000000000000000000e+00 3.011639204399634728e+00 -1.001912306732959657e+01 3.679484726329196320e-01 -3.914544281599704689e+00
0.000000000000000000e+00 -1.000000000000000000e+00 1.727332944743066534e+00 1.431465043538145210e+01 4.249618280130418313e-02 -1.016897220278438141e+01
-1.000000000000000000e+00 1.000000000000000000e+00 1.744684787510957458e+00 -1.032689392013676510e+01 6.918351816134757915e-01 4.105959696233426826e+00
-3.000000000000000000e+00 -3.000000000000000000e+00 1.642052699246886238e+00 1.465769277251655467e+01 1.655223485482045120e+00 -1.728506058056183647e+01
2.000000000000000000e+00 -3.000000000000000000e+00 3.602467758881930049e+00 9.333922982474177843e+00 -1.205764228579640385e+00 -1.767665029747343652e+01
0.000000000000000000e+00 2.000000000000000000e+00 2.482737665334330934e+00 -1.164848678067716747e+01 8.808469085744619065e-03 7.331305581625567669e+00
1.000000000000000000e+00 3.000000000000000000e+00 1.910225836145227785e+00 -6.837862923528152947e+00 -5.593139038194432366e-01 1.457222903524165503e+01
3.000000000000000000e+00 1.000000000000000000e+00 3.919251991184884432e+00 -5.160567825708477940e+00 -1.857163037445303200e+00 2.691399914813352723e+00
-2.000000000000000000e+00 -2.000000000000000000e+00 2.381078201650048687e+00 9.350960564643646222e+00 1.257825583005445225e+00 -1.566950149184438423e+01
3.000000000000000000e+00 3.000000000000000000e+00 3.866721810522914637e+00 -1.322571528873539393e+01 -2.148190381597499865e+00 1.417958633586941275e+01
-1.000000000000000000e+00 3.000000000000000000e+00 2.061136193103166647e+00 -1.354855865395773407e+01 3.841527832510998053e-01 2.830294565108403759e+01
0.000000000000000000e+00 3.000000000000000000e+00 1.481545296082353413e+00 -1.388861887540060636e+01 -1.690233639668745624e-01 2.869754979954405982e+01
-1.000000000000000000e+00 0.000000000000000000e+00 1.796922598110489488e+00 3.045246936914249858e+00 8.376544097204252637e-01 -2.133970251062006440e+00
3.000000000000000000e+00 0.000000000000000000e+00 3.410584622019246392e+00 1.097080274760204688e+01 -2.173378347265153998e+00 -6.644729424920896577e-01
2.000000000000000000e+00 0.000000000000000000e+00 3.671729639689663038e+00 6.106404375269139706e+00 -1.062077745663190687e+00 3.552963939378699365e-01
2.000000000000000000e+00 -1.000000000000000000e+00 3.994402474790912372e+00 -8.988403695533950355e+00 -9.293609240014166772e-01 -1.870198994107935775e+00
0.000000000000000000e+00 -1.000000000000000000e+00 1.615241737638566821e+00 1.077938544196477011e+01 2.477569657148379623e-01 -9.243528126629986019e+00
0.000000000000000000e+00 1.000000000000000000e+00 1.073930318844027454e+00 -1.129992549038203187e+01 2.025861073542527535e-01 4.029264124576855011e+00
0.000000000000000000e+00 -2.000000000000000000e+00 2.603698806631487894e+00 8.980171037701232706e+00 2.288674152373415538e-02 -1.576537193185413521e+01
3.000000000000000000e+00 -2.000000000000000000e+00 3.135516038532084604e+00 -2.107761555969524636e+00 -1.601646100830738995e+00 -1.209099657102315462e+01
0.000000000000000000e+00 -1.000000000000000000e+00 3.312766175556718817e+00 3.273930179271673069e+00 5.040763600274278389e-02 -4.706068006660114378e+00
-2.000000000000000000e+00 -3.000000000000000000e+00 1.138669880897013709e+00 8.505087299349650465e+00 1.594052914571504775e+00 -1.757240804577695314e+01
-3.000000000000000000e+00 0.000000000000000000e+00 1.506931721746591624e+00 -2.619612020201703473e+00 1.658528149164459453e+00 -3.548001989967914938e-01
2.000000000000000000e+00 -1.000000000000000000e+00 3.395276557894027825e+00 -1.411781126137015896e+01 -1.026642694821278567e+00 -7.890251507215690907e-01
1.000000000000000000e+00 0.000000000000000000e+00 3.675615762317157031e+00 -3.272676935700932432e+00 -2.512502051859697438e-01 2.085983493315868742e+00
1.000000000000000000e+00 3.000000000000000000e+00 3.365088974765801044e+00 -8.871613060053643807e+00 -2.963430011737808734e-01 1.901043395391986834e+01
1.000000000000000000e+00 0.000000000000000000e+00 3.970708327102300483e+00 4.846909604009439931e+00 -4.970316042426445868e-01 -2.043552147215262238e+00
-1.000000000000000000e+00 -2.000000000000000000e+00 1.953799258227941316e+00 1.402395886021980331e+01 6.078130793437912516e-01 -1.446395037201339662e+01
3.000000000000000000e+00 -2.000000000000000000e+00 3.212870332067407020e+00 1.323728981493398749e+01 -1.910530491493046101e+00 -1.584318132384072086e+01
-2.000000000000000000e+00 3.000000000000000000e+00 1.527503310953971738e+00 -9.603697457638940449e+00 1.139865388075941954e+00 1.715116110201698163e+01
-1.000000000000000000e+00 1.000000000000000000e+00 2.153580551362490603e+00 -1.016393233168033916e+01 5.690507664487736150e-01 6.651005836981362052e+00
1.000000000000000000e+00 2.000000000000000000e+00 3.495456504985378299e+00 4.490977396306760738e+00 -5.132330301689225216e-01 9.685006206605816459e+00
-3.000000000000000000e+00 -1.000000000000000000e+00 1.181457000431525906e+00 -4.637273620804515772e+00 1.785180987147020115e+00 -7.489785228965049058e+00
2.000000000000000000e+00 -3.000000000000000000e+00 2.475645844616855662e+00 8.387295337024529118e+00 -1.366577572972956123e+00 -2.238299938203963535e+01
3.000000000000000000e+00 1.000000000000000000e+00 3.202070847255376052e+00 -9.526733882777945084e+00 -1.365956432713549606e+00 3.341512658501688549e+00
0.000000000000000000e+00 -2.000000000000000000e+00 3.335020780047910360e+00 -4.152695779485316763e+00 3.255616547620254764e-02 -7.848703104510626360e+00
1.000000000000000000e+00 3.000000000000000000e+00 2.007322354250024254e+00 -1.247324583390124531e+01 -5.276026786747731734e-01 1.421231747773019904e+01
-1.000000000000000000e+00 0.000000000000000000e+00 1.230821026607738844e+00 1.053706126585678149e+01 6.858427258648664981e-01 8.877860772015715440e-01
2.000000000000000000e+00 3.000000000000000000e+00 2.871420822876086909e+00 -7.576776327033236669e+00 -8.194152442829447658e-01 1.745893851374522043e+01
3.000000000000000000e+00 -1.000000000000000000e+00 3.468509599111051944e+00 -9.390190891935592532e-01 -1.656900384662622905e+00 -7.024648674500443057e+00
-2.000000000000000000e+00 2.000000000000000000e+00 2.780601818341909670e+00 -9.959000504263705977e+00 1.198110701933170041e+00 1.037412340317688653e+01
-2.000000000000000000e+00 3.000000000000000000e+00 1.608896545002805212e+00 -1.471407435618451842e+01 1.301841934964699909e+00 1.687845918269262668e+01
-3.000000000000000000e+00 3.000000000000000000e+00 1.062907455978884030e+00 -1.064181170895000861e+01 1.748463018001277014e+00 2.033723376061961829e+01
0.000000000000000000e+00 -1.000000000000000000e+00 1.127898538081276492e+00 4.089038803240754305e-01 4.623279219592684175e-01 -7.713899296173783782e+00
1.000000000000000000e+00 -2.000000000000000000e+00 3.624639885018172247e+00 2.402641807161177923e+00 -2.409032596463007714e-01 -9.212716959823953999e+00
1.000000000000000000e+00 0.000000000000000000e+00 3.994577739966973517e+00 -1.370938054622291169e+01 -5.801021874462590766e-01 6.665091327977545888e-01
3.000000000000000000e+00 2.000000000000000000e+00 3.908184961248735600e+00 -1.142427851400627503e+01 -2.542482995976085736e+00 1.015677313417677041e+01
3.000000000000000000e+00 1.000000000000000000e+00 3.144971285612448764e+00 5.598577538500954631e+00 -1.793858349103975680e+00 6.885196685424293861e+00
-3.000000000000000000e+00 0.000000000000000000e+00 1.991611022828309707e+00 1.327076348031163278e+01 1.885111432950486332e+00 -2.759571106141116559e-01
3.000000000000000000e+00 2.000000000000000000e+00 3.289168938998253466e+00 -1.274753075231301480e+01 -1.731188494779045239e+00 9.682793592025427998e+00
0.000000000000000000e+00 0.000000000000000000e+00 3.579976713580327541e+00 1.846473969024639672e+00 5.799293619096346220e-02 1.253507626110561546e-01
0.000000000000000000e+00 -2.000000000000000000e+00 3.042689665994311898e+00 -1.048933497128331283e+00 -8.855485785122274578e-02 -1.087146527473029600e+01
0.000000000000000000e+00 -3.000000000000000000e+00 1.142394959334122273e+00 3.079331517927190731e+00 -7.704042043266090545e-02 -1.674195515892299113e+01
2.000000000000000000e+00 -3.000000000000000000e+00 2.331113825497099334e+00 1.268325375323428972e+01 -1.142454869395477690e+00 -1.804129371013372918e+01
-3.000000000000000000e+00 3.000000000000000000e+00 1.978378668862786238e+00 -1.176713013984636191e+01 2.015063377001283573e+00 1.649783364329508473e+01
2.000000000000000000e+00 1.000000000000000000e+00 3.081704901880193859e+00 7.276499914217822607e+00 -8.485541943200378689e-01 5.158305605407452532e+00
0.000000000000000000e+00 -3.000000000000000000e+00 1.614230700089265280e+00 1.108420872633217868e+01 7.163719943163560089e-02 -1.700291104169520651e+01
2.000000000000000000e+00 3.000000000000000000e+00 2.572976533285455503e+00 -1.054727177879339806e+01 -1.215716266587835159e+00 1.408588042304550925e+01
-1.000000000000000000e+00 -1.000000000000000000e+00 1.671444489825842261e+00 -3.856140440311309092e+00 5.116310164635002877e-01 -4.609494345297326490e+00
-3.000000000000000000e+00 -1.000000000000000000e+00 1.040345717337140874e+00 -5.348024471144757541e+00 2.270605700055909004e+00 -4.074340711508900981e+00
-2.000000000000000000e+00 3.000000000000000000e+00 1.467182182528718792e+00 -8.655250951924173819e+00 1.180225820570288908e+00 1.521907302863338529e+01
1.000000000000000000e+00 2.000000000000000000e+00 1.794221477464928327e+00 -2.296108418774158721e+00 -4.077591265513400565e-01 1.126356969491851423e+01
-3.000000000000000000e+00 2.000000000000000000e+00 1.427995419245849273e+00 -6.910851203441147561e+00 2.029191699377642433e+00 1.037018680725603303e+01
3.000000000000000000e+00 0.000000000000000000e+00 3.323839800490241636e+00 1.151350112647623902e+01 -1.746976133790345775e+00 1.063521431284705443e+00
2.000000000000000000e+00 -3.000000000000000000e+00 2.920766185200807552e+00 1.324647068108960823e+01 -1.197266032677373415e+00 -2.452227552561998891e+01
1.000000000000000000e+00 1.000000000000000000e+00 2.195658293433774499e+00 -1.152061867190807121e+01 -5.084563524834408987e-01 3.364883908345403185e+00
1.000000000000000000e+00 -1.000000000000000000e+00 3.420233915596537777e+00 -9.467856239080161274e+00 -3.526507840371166935e-01 -3.201426909500387552e+00
-1.000000000000000000e+00 3.000000000000000000e+00 1.419881221328675780e+00 -9.235233214502335031e+00 5.574215970168741041e-01 1.659058458210025577e+01
0.000000000000000000e+00 -2.000000000000000000e+00 2.290183793678090662e+00 9.857115407995976852e+00 1.526023851781244112e-01 -1.109000058591945503e+01
-3.000000000000000000e+00 -3.000000000000000000e+00 1.708870538511277903e+00 1.168543766183997690e+01 2.167200870237105281e+00 -2.190424821683716061e+01
3.000000000000000000e+00 -3.000000000000000000e+00 3.591598699221859814e+00 7.436393958028631346e+00 -2.543508582929125517e+00 -1.722850531858577128e+01
0.000000000000000000e+00 0.000000000000000000e+00 3.100663814857134160e+00 7.357847229886843365e+00 -1.167505431745179401e-01 3.492667542697599714e+00
-3.000000000000000000e+00 -1.000000000000000000e+00 1.360089816781425043e+00 3.353152035485479132e+00 1.777175225199773667e+00 -7.370740795956875147e+00
1.000000000000000000e+00 1.000000000000000000e+00 1.963090921778819054e+00 -1.363668382541037971e+01 -3.702811814834705562e-01 2.180539279353684634e+00
2.000000000000000000e+00 -2.000000000000000000e+00 2.569623789638869837e+00 9.182814411897229689e+00 -9.864295556225233241e-01 -1.074753968163056506e+01
-1.000000000000000000e+00 3.000000000000000000e+00 1.946434647729220035e+00 -8.757861723776589002e+00 8.584091384599559227e-01 2.111722147412733008e+01
3.000000000000000000e+00 -2.000000000000000000e+00 3.055383978589958804e+00 9.903960195147377021e+00 -1.411578619753918185e+00 -1.270052895069130727e+01
1.000000000000000000e+00 -3.000000000000000000e+00 3.650553489402099672e+00 1.274534160309391240e+01 -5.251553644858120151e-01 -2.712894432332562644e+01
-1.000000000000000000e+00 -3.000000000000000000e+00 1.065165217953726096e+00 1.072002387315115612e+01 8.045209193731470698e-01 -2.557403723107469773e+01
-1.000000000000000000e+00 -3.000000000000000000e+00 2.117273805522828845e+00 1.204808274132920687e+01 8.236033283121253490e-01 -2.496859454476585327e+01
0.000000000000000000e+00 3.000000000000000000e+00 3.323758114384418594e+00 -1.310129569400200999e+01 7.620815286206816808e-02 2.032890761115504574e+01
0.000000000000000000e+00 0.000000000000000000e+00 2.273219787584336515e+00 8.678723795553644038e+00 -1.365500185771679753e-01 -3.206482643843699520e+00
-3.000000000000000000e+00 -2.000000000000000000e+00 1.614858986434131616e+00 -2.645399990503063847e+00 2.024050204608113024e+00 -1.059856152351141745e+01
2.000000000000000000e+00 2.000000000000000000e+00 3.052698889973623153e+00 -2.139369875484467443e+00 -1.240953398309707634e+00 1.262970360922235180e+01
3.000000000000000000e+00 0.000000000000000000e+00 3.813277971514765774e+00 -3.648467467807344988e+00 -2.121127973308870374e+00 1.086849949165889839e+00
