-2.062085829675197601e-02 8.078712224960327148e-01 -1.553981542587280273e+00 -1.689995080232620239e-01 -2.904856204986572266e-02 1.913460046052932739e-01
7.827892303466796875e-01 -8.592748641967773438e-01 1.642713904380798340e+00 1.399699300527572632e-01 -1.373565077781677246e+00 -1.397265344858169556e-01
-2.062085829675197601e-02 -3.035595118999481201e-01 -1.152133822441101074e+00 9.931229054927825928e-02 -2.642917633056640625e-01 -6.361813843250274658e-02
-2.062085829675197601e-02 -3.035595118999481201e-01 -1.155317187309265137e+00 1.532911062240600586e-01 1.369592696428298950e-01 -6.777076423168182373e-02
5.149858593940734863e-01 8.078712224960327148e-01 4.238234832882881165e-03 -1.366700083017349243e-01 -7.738189101219177246e-01 1.081329137086868286e-01
7.827892303466796875e-01 -3.035595118999481201e-01 1.106132030487060547e+00 3.289560973644256592e-02 -1.047483205795288086e+00 -2.682524919509887695e-02
-8.240308761596679688e-01 -8.592748641967773438e-01 -1.234128355979919434e+00 9.235630929470062256e-02 1.242498278617858887e+00 -1.271976679563522339e-01
5.149858593940734863e-01 -8.592748641967773438e-01 1.268988847732543945e+00 1.070762202143669128e-01 -8.293043375015258789e-01 -1.394019871950149536e-01
7.827892303466796875e-01 -5.814172029495239258e-01 1.138608217239379883e+00 9.583874046802520752e-02 -1.111955881118774414e+00 -9.142291545867919922e-02
-2.884242236614227295e-01 -5.814172029495239258e-01 -1.725758910179138184e+00 1.296147108078002930e-01 5.282937884330749512e-01 -1.026069298386573792e-01
-2.884242236614227295e-01 -2.570183575153350830e-02 1.541570901870727539e+00 1.666634082794189453e-01 9.496993571519851685e-02 1.256647054105997086e-02
-2.062085829675197601e-02 -2.570183575153350830e-02 -1.717693328857421875e+00 8.711124956607818604e-02 -1.029754206538200378e-01 -8.575281128287315369e-03
7.827892303466796875e-01 -3.035595118999481201e-01 1.375824093818664551e+00 -3.844706341624259949e-02 -1.533318519592285156e+00 -4.731879755854606628e-02
2.471824884414672852e-01 2.521558701992034912e-01 5.601490736007690430e-01 -1.518516987562179565e-01 -2.242588251829147339e-01 1.956988498568534851e-02
-5.562275648117065430e-01 -3.035595118999481201e-01 5.606215000152587891e-01 1.318630874156951904e-01 5.765648484230041504e-01 -5.390987917780876160e-02
2.471824884414672852e-01 2.521558701992034912e-01 7.717873454093933105e-01 6.681995093822479248e-02 -3.613087534904479980e-01 4.846093431115150452e-02
7.827892303466796875e-01 8.078712224960327148e-01 9.949229955673217773e-01 -1.473404765129089355e-01 -1.244979858398437500e+00 1.136071979999542236e-01
-2.884242236614227295e-01 -3.035595118999481201e-01 -1.506767511367797852e+00 5.858556181192398071e-02 4.591351449489593506e-01 -3.624487668275833130e-02
5.149858593940734863e-01 -3.035595118999481201e-01 7.868648767471313477e-01 2.646004222333431244e-02 -5.900977253913879395e-01 -4.463275521993637085e-02
-5.562275648117065430e-01 -2.570183575153350830e-02 -1.921886950731277466e-01 1.299492865800857544e-01 6.653339862823486328e-01 1.521176192909479141e-02
-8.240308761596679688e-01 8.078712224960327148e-01 -1.631241321563720703e+00 -1.762737482786178589e-01 1.403088569641113281e+00 9.738992154598236084e-02
-8.240308761596679688e-01 -2.570183575153350830e-02 -1.771833419799804688e+00 1.271371990442276001e-01 1.705303668975830078e+00 -6.125524174422025681e-03
2.471824884414672852e-01 2.521558701992034912e-01 1.517150163650512695e+00 -1.020522713661193848e-01 -9.311154484748840332e-02 3.972959518432617188e-02
-2.884242236614227295e-01 -3.035595118999481201e-01 -7.096304893493652344e-01 -9.606457501649856567e-02 3.678213059902191162e-01 -3.776549920439720154e-02
-2.884242236614227295e-01 2.521558701992034912e-01 9.758315682411193848e-01 -1.098021641373634338e-01 4.285653531551361084e-01 2.205296419560909271e-02
-5.562275648117065430e-01 5.300135612487792969e-01 -1.704226493835449219e+00 -1.471583992242813110e-01 9.201421737670898438e-01 6.295866519212722778e-02
-2.884242236614227295e-01 5.300135612487792969e-01 -8.621008992195129395e-01 -1.193474605679512024e-01 4.088975787162780762e-01 6.514538079500198364e-02
-8.240308761596679688e-01 8.078712224960327148e-01 -1.192551612854003906e+00 -6.300500035285949707e-02 1.495945572853088379e+00 1.027215495705604553e-01
5.149858593940734863e-01 -2.570183575153350830e-02 7.417536973953247070e-01 -4.798015207052230835e-02 -7.556900978088378906e-01 -1.588738150894641876e-02
5.149858593940734863e-01 -2.570183575153350830e-02 2.804929614067077637e-01 1.369646638631820679e-01 -7.527918815612792969e-01 5.361032206565141678e-03
-2.062085829675197601e-02 8.078712224960327148e-01 -4.049186706542968750e-01 -1.417441815137863159e-01 6.159078329801559448e-02 1.243042945861816406e-01
2.471824884414672852e-01 -5.814172029495239258e-01 1.379495143890380859e+00 -6.972171104280278087e-05 -3.860517144203186035e-01 -6.885191798210144043e-02
-8.240308761596679688e-01 -5.814172029495239258e-01 -1.414458751678466797e+00 3.999649733304977417e-02 1.610126852989196777e+00 -7.555243372917175293e-02
7.827892303466796875e-01 -8.592748641967773438e-01 1.335468173027038574e+00 1.325692981481552124e-01 -1.618931412696838379e+00 -1.239529028534889221e-01
-2.884242236614227295e-01 -5.814172029495239258e-01 1.409469008445739746e+00 1.550137400627136230e-01 1.145326346158981323e-01 -1.019422784447669983e-01
-2.884242236614227295e-01 -2.570183575153350830e-02 1.478389501571655273e+00 6.478376686573028564e-02 2.364827692508697510e-01 -9.657491929829120636e-03
-2.062085829675197601e-02 -8.592748641967773438e-01 -3.779361546039581299e-01 1.132965087890625000e-01 -1.602429598569869995e-01 -1.324672549962997437e-01
-2.062085829675197601e-02 -5.814172029495239258e-01 1.417827129364013672e+00 1.474787443876266479e-01 -3.888614103198051453e-02 -9.427474439144134521e-02
-2.062085829675197601e-02 -2.570183575153350830e-02 -1.298330664634704590e+00 6.415429711341857910e-02 -1.780084222555160522e-01 5.481838714331388474e-03
-8.240308761596679688e-01 -5.814172029495239258e-01 -1.574510097503662109e+00 1.814434528350830078e-01 1.704323172569274902e+00 -9.373999387025833130e-02
7.827892303466796875e-01 2.521558701992034912e-01 1.064716219902038574e+00 7.493493705987930298e-02 -9.699032306671142578e-01 4.748049378395080566e-02
5.149858593940734863e-01 5.300135612487792969e-01 1.162773728370666504e+00 4.743460938334465027e-02 -6.839052438735961914e-01 7.481639832258224487e-02
2.471824884414672852e-01 -3.035595118999481201e-01 9.966290593147277832e-01 -3.159919008612632751e-02 -1.991674751043319702e-01 -4.966068267822265625e-02
2.471824884414672852e-01 -2.570183575153350830e-02 1.100832223892211914e+00 1.949519515037536621e-01 -2.933477461338043213e-01 -6.971497088670730591e-03
-5.562275648117065430e-01 -3.035595118999481201e-01 1.203300505876541138e-01 -1.324328333139419556e-01 7.409396767616271973e-01 -3.038692288100719452e-02
-5.562275648117065430e-01 -3.035595118999481201e-01 -9.336569309234619141e-01 4.435917362570762634e-03 9.067524671554565430e-01 -2.334126271307468414e-02
-5.562275648117065430e-01 -8.592748641967773438e-01 -1.610085129737854004e+00 1.465576738119125366e-01 1.003697991371154785e+00 -1.232397928833961487e-01
-2.884242236614227295e-01 2.521558701992034912e-01 5.563033223152160645e-01 -1.683022975921630859e-01 4.072614908218383789e-01 1.814961060881614685e-02
-8.240308761596679688e-01 -2.570183575153350830e-02 -1.628174185752868652e+00 6.848556548357009888e-02 1.199926137924194336e+00 -2.542762085795402527e-02
-2.062085829675197601e-02 5.300135612487792969e-01 -1.733059406280517578e+00 5.141413584351539612e-02 1.693190336227416992e-01 7.269114255905151367e-02
5.149858593940734863e-01 5.300135612487792969e-01 1.232149243354797363e+00 -1.691239178180694580e-01 -6.376544833183288574e-01 5.376064777374267578e-02
-2.884242236614227295e-01 5.300135612487792969e-01 -6.514757275581359863e-01 -1.439918428659439087e-01 3.642077445983886719e-01 6.187760829925537109e-02
-2.884242236614227295e-01 -8.592748641967773438e-01 -1.090395569801330566e+00 1.984000355005264282e-01 3.568449318408966064e-01 -1.336127370595932007e-01
-2.884242236614227295e-01 -5.814172029495239258e-01 1.674733638763427734e+00 -2.896920591592788696e-02 1.024891883134841919e-01 -7.345421612262725830e-02
-2.884242236614227295e-01 -5.814172029495239258e-01 -8.366170525550842285e-01 1.421176642179489136e-01 2.562085986137390137e-01 -7.724639028310775757e-02
5.149858593940734863e-01 -2.570183575153350830e-02 1.766955494880676270e+00 1.393440514802932739e-01 -7.984468340873718262e-01 2.695912681519985199e-02
-2.062085829675197601e-02 -8.592748641967773438e-01 -7.643771171569824219e-01 1.578714102506637573e-01 -9.246426075696945190e-02 -1.511563211679458618e-01
2.471824884414672852e-01 -3.035595118999481201e-01 1.527449131011962891e+00 1.181391850113868713e-01 -3.563868105411529541e-01 -6.603287905454635620e-02
5.149858593940734863e-01 -8.592748641967773438e-01 4.150011241436004639e-01 1.893648058176040649e-01 -6.508851647377014160e-01 -1.946812123060226440e-01
7.827892303466796875e-01 8.078712224960327148e-01 1.731044292449951172e+00 -1.453883945941925049e-01 -1.758292555809020996e+00 1.161469072103500366e-01
7.827892303466796875e-01 -5.814172029495239258e-01 1.140318274497985840e+00 1.086666062474250793e-01 -1.340469837188720703e+00 -7.159641385078430176e-02
5.149858593940734863e-01 -3.035595118999481201e-01 1.868515729904174805e+00 -1.208646502345800400e-02 -5.665156841278076172e-01 -4.772550612688064575e-02
7.827892303466796875e-01 -8.592748641967773438e-01 1.953830599784851074e+00 1.871457099914550781e-01 -1.794912457466125488e+00 -1.252615600824356079e-01
-2.062085829675197601e-02 8.078712224960327148e-01 -1.562293887138366699e+00 -1.780687719583511353e-01 -2.087822742760181427e-02 1.885006725788116455e-01
-5.562275648117065430e-01 -5.814172029495239258e-01 -1.598611474037170410e+00 1.142515093088150024e-01 8.038491010665893555e-01 -1.108978390693664551e-01
2.471824884414672852e-01 -8.592748641967773438e-01 1.549535036087036133e+00 1.620433032512664795e-01 -4.264997541904449463e-01 -1.328772157430648804e-01
7.827892303466796875e-01 -2.570183575153350830e-02 1.896452188491821289e+00 1.473002582788467407e-01 -1.309564232826232910e+00 -2.375347539782524109e-03
-2.884242236614227295e-01 -3.035595118999481201e-01 1.501349061727523804e-01 1.601610332727432251e-01 3.384558558464050293e-01 -5.002181231975555420e-02
2.471824884414672852e-01 -2.570183575153350830e-02 -1.379039138555526733e-01 1.447514146566390991e-01 -2.916669845581054688e-01 -1.593281142413616180e-02
5.149858593940734863e-01 2.521558701992034912e-01 1.329716444015502930e+00 -1.173363476991653442e-01 -5.852296948432922363e-01 3.741599619388580322e-02
-8.240308761596679688e-01 5.300135612487792969e-01 -6.637333035469055176e-01 -1.926266998052597046e-01 1.144137263298034668e+00 5.106813460588455200e-02
7.827892303466796875e-01 -2.570183575153350830e-02 1.040125727653503418e+00 -7.422885298728942871e-02 -1.438956499099731445e+00 -1.350597478449344635e-02
-2.062085829675197601e-02 5.300135612487792969e-01 -7.089747786521911621e-01 -3.506770357489585876e-02 -1.333578377962112427e-01 9.073212742805480957e-02
7.827892303466796875e-01 -5.814172029495239258e-01 1.448642253875732422e+00 7.262054830789566040e-02 -1.307794690132141113e+00 -8.665972948074340820e-02
-2.062085829675197601e-02 2.521558701992034912e-01 -4.497114121913909912e-01 -1.924455165863037109e-01 2.141449041664600372e-02 5.435837432742118835e-03
-8.240308761596679688e-01 -3.035595118999481201e-01 -1.375675201416015625e+00 -1.684495210647583008e-01 1.085396170616149902e+00 -9.289300069212913513e-03
-5.562275648117065430e-01 -8.592748641967773438e-01 -1.946583628654479980e+00 1.367465555667877197e-01 9.124656319618225098e-01 -1.416591703891754150e-01
-2.884242236614227295e-01 -5.814172029495239258e-01 1.065273523330688477e+00 1.265565603971481323e-01 3.181560337543487549e-01 -1.122242957353591919e-01
-8.240308761596679688e-01 -2.570183575153350830e-02 -1.038039803504943848e+00 9.656019508838653564e-02 1.211163520812988281e+00 -2.321238443255424500e-02
7.827892303466796875e-01 -5.814172029495239258e-01 1.610258460044860840e+00 6.561478227376937866e-02 -8.455345630645751953e-01 -8.904655277729034424e-02
-2.062085829675197601e-02 -2.570183575153350830e-02 -1.500674962997436523e+00 1.130461543798446655e-01 2.300482243299484253e-01 -1.609299331903457642e-02
-8.240308761596679688e-01 -8.592748641967773438e-01 -9.233024120330810547e-01 1.110355481505393982e-01 1.132188320159912109e+00 -1.198929175734519958e-01
-2.884242236614227295e-01 -5.814172029495239258e-01 -1.729456663131713867e+00 1.059200093150138855e-01 6.009843945503234863e-01 -9.984529018402099609e-02
2.471824884414672852e-01 -5.814172029495239258e-01 -1.695677787065505981e-01 1.065534725785255432e-01 -2.612049579620361328e-01 -8.860952407121658325e-02
-2.062085829675197601e-02 -3.035595118999481201e-01 -1.809965252876281738e+00 1.361463069915771484e-01 2.714738547801971436e-01 -5.111927911639213562e-02
2.471824884414672852e-01 -2.570183575153350830e-02 3.037684857845306396e-01 1.825924813747406006e-01 -3.416693806648254395e-01 -2.635574899613857269e-02
-2.884242236614227295e-01 -8.592748641967773438e-01 1.249766826629638672e+00 1.810214370489120483e-01 8.628543466329574585e-02 -1.407951116561889648e-01
7.827892303466796875e-01 8.078712224960327148e-01 9.573591947555541992e-01 -1.671995371580123901e-01 -1.470743536949157715e+00 1.182842627167701721e-01
7.827892303466796875e-01 -5.814172029495239258e-01 1.663977384567260742e+00 8.337935805320739746e-02 -8.819901943206787109e-01 -1.010496541857719421e-01
-2.062085829675197601e-02 2.521558701992034912e-01 -1.641537785530090332e+00 4.738587141036987305e-02 7.814334332942962646e-02 2.556524053215980530e-02
-8.240308761596679688e-01 -8.592748641967773438e-01 -1.694299697875976562e+00 1.952463947236537933e-02 1.684586286544799805e+00 -1.121491417288780212e-01
-8.240308761596679688e-01 -2.570183575153350830e-02 -1.786327481269836426e+00 -1.046153679490089417e-01 1.724386096000671387e+00 6.011398043483495712e-03
7.827892303466796875e-01 5.300135612487792969e-01 6.892167925834655762e-01 -1.253988146781921387e-01 -1.109048724174499512e+00 6.443901360034942627e-02
-5.562275648117065430e-01 -3.035595118999481201e-01 -2.539903819561004639e-01 -9.079483896493911743e-02 8.145092725753784180e-01 -1.333655975759029388e-02
-2.884242236614227295e-01 8.078712224960327148e-01 -2.819831073284149170e-01 -1.285811662673950195e-01 3.699783086776733398e-01 1.364014595746994019e-01
5.149858593940734863e-01 -5.814172029495239258e-01 7.857319116592407227e-01 -4.393257200717926025e-02 -6.705085635185241699e-01 -7.654584944248199463e-02
7.827892303466796875e-01 -8.592748641967773438e-01 1.693866610527038574e+00 1.295322477817535400e-01 -1.619663596153259277e+00 -1.429934203624725342e-01
-8.240308761596679688e-01 8.078712224960327148e-01 -1.375490188598632812e+00 -1.270527392625808716e-01 1.671010613441467285e+00 1.292601078748703003e-01
-2.062085829675197601e-02 8.078712224960327148e-01 1.003221035003662109e+00 -9.640338271856307983e-02 2.380355261266231537e-02 1.218394041061401367e-01
7.827892303466796875e-01 8.078712224960327148e-01 1.580788135528564453e+00 -1.246230006217956543e-01 -1.467028379440307617e+00 1.009861305356025696e-01
7.827892303466796875e-01 -2.570183575153350830e-02 1.923803210258483887e+00 4.300126340240240097e-03 -1.870868325233459473e+00 1.505477540194988251e-02
2.471824884414672852e-01 -2.570183575153350830e-02 -6.619499921798706055e-01 -1.421878300607204437e-02 -5.032986998558044434e-01 8.621415123343467712e-03
-2.884242236614227295e-01 -2.570183575153350830e-02 -1.810787200927734375e+00 2.314719371497631073e-02 5.843164920806884766e-01 -1.911733485758304596e-02
-8.240308761596679688e-01 -2.570183575153350830e-02 -1.949225425720214844e+00 1.281327605247497559e-01 1.300824999809265137e+00 -2.083759009838104248e-02
-2.062085829675197601e-02 -5.814172029495239258e-01 -1.965650796890258789e+00 -3.874103352427482605e-02 1.050855517387390137e-01 -7.865170389413833618e-02
2.471824884414672852e-01 8.078712224960327148e-01 1.693994760513305664e+00 -1.377062797546386719e-01 -1.316576302051544189e-01 9.503763914108276367e-02
-8.240308761596679688e-01 -3.035595118999481201e-01 -1.777317047119140625e+00 -8.414950221776962280e-02 1.751539707183837891e+00 -4.351101070642471313e-02
7.827892303466796875e-01 8.078712224960327148e-01 1.705869436264038086e+00 -8.982001245021820068e-02 -1.215524315834045410e+00 1.043647453188896179e-01
7.827892303466796875e-01 -5.814172029495239258e-01 1.829160332679748535e+00 9.273812919855117798e-02 -1.676524639129638672e+00 -9.202343225479125977e-02
7.827892303466796875e-01 2.521558701992034912e-01 1.848119258880615234e+00 6.373114138841629028e-02 -1.876868486404418945e+00 3.915994986891746521e-02
7.827892303466796875e-01 2.521558701992034912e-01 1.467003822326660156e+00 -8.044910430908203125e-02 -9.922094345092773438e-01 2.240804210305213928e-02
7.827892303466796875e-01 -2.570183575153350830e-02 1.153620004653930664e+00 1.924239695072174072e-01 -1.154871344566345215e+00 -2.130190469324588776e-02
-2.062085829675197601e-02 -5.814172029495239258e-01 -8.863512277603149414e-01 1.666494011878967285e-01 -1.040333881974220276e-01 -9.320650994777679443e-02
7.827892303466796875e-01 -2.570183575153350830e-02 1.821540474891662598e+00 2.584912441670894623e-02 -1.556811213493347168e+00 -1.203785929828882217e-02
7.827892303466796875e-01 -3.035595118999481201e-01 1.426286339759826660e+00 -7.362893223762512207e-02 -1.010483145713806152e+00 -4.347220808267593384e-02
5.149858593940734863e-01 8.078712224960327148e-01 1.130826950073242188e+00 -1.052380204200744629e-01 -6.168419718742370605e-01 1.217758059501647949e-01
2.471824884414672852e-01 8.078712224960327148e-01 1.392901897430419922e+00 -1.055314615368843079e-01 -2.331083267927169800e-01 1.257440000772476196e-01
-5.562275648117065430e-01 5.300135612487792969e-01 7.971950173377990723e-01 3.139594197273254395e-02 4.944692850112915039e-01 8.357664197683334351e-02
7.827892303466796875e-01 -2.570183575153350830e-02 7.514644414186477661e-02 1.240471228957176208e-01 -9.990391731262207031e-01 -2.570367977023124695e-02
-2.062085829675197601e-02 -8.592748641967773438e-01 -1.605043888092041016e+00 5.606012791395187378e-02 1.618624776601791382e-01 -1.193830221891403198e-01
7.827892303466796875e-01 -2.570183575153350830e-02 1.215327501296997070e+00 1.254536509513854980e-01 -1.578233838081359863e+00 2.336136251688003540e-02
2.471824884414672852e-01 2.521558701992034912e-01 5.875322222709655762e-01 -1.125706210732460022e-01 -5.031417608261108398e-01 3.831749409437179565e-02
-2.062085829675197601e-02 8.078712224960327148e-01 -1.823838949203491211e+00 -1.395168602466583252e-01 2.498014569282531738e-01 1.729443520307540894e-01
-5.562275648117065430e-01 2.521558701992034912e-01 -7.182855606079101562e-01 -2.717133425176143646e-02 7.348789572715759277e-01 4.004737734794616699e-02
-2.062085829675197601e-02 5.300135612487792969e-01 7.326399087905883789e-01 -3.468560799956321716e-02 -3.468711301684379578e-02 5.311861261725425720e-02
-5.562275648117065430e-01 2.521558701992034912e-01 -2.516737878322601318e-01 -1.913253515958786011e-01 6.485528349876403809e-01 9.515011683106422424e-03
-2.884242236614227295e-01 -3.035595118999481201e-01 -2.359265089035034180e-01 1.708087176084518433e-01 2.708332538604736328e-01 -7.097464054822921753e-02
-2.062085829675197601e-02 -5.814172029495239258e-01 -1.208455681800842285e+00 1.741929352283477783e-01 -2.758581936359405518e-02 -1.062208339571952820e-01
-2.062085829675197601e-02 -2.570183575153350830e-02 -6.971159577369689941e-01 -4.396451264619827271e-02 2.162839919328689575e-01 -8.377905935049057007e-03
-2.062085829675197601e-02 2.521558701992034912e-01 -8.190626502037048340e-01 -4.290857538580894470e-02 1.005445867776870728e-01 4.013051092624664307e-02
-2.062085829675197601e-02 -5.814172029495239258e-01 -1.435705542564392090e+00 -4.936383920721709728e-04 1.404016017913818359e-01 -7.866312563419342041e-02
5.149858593940734863e-01 2.521558701992034912e-01 1.723382830619812012e+00 -1.063131392002105713e-01 -6.171678304672241211e-01 1.840941607952117920e-02
-8.240308761596679688e-01 -5.814172029495239258e-01 -1.967895984649658203e+00 -1.186714600771665573e-02 1.412851333618164062e+00 -8.766931295394897461e-02
7.827892303466796875e-01 8.078712224960327148e-01 1.480539679527282715e+00 -1.291013658046722412e-01 -1.047794103622436523e+00 1.298556029796600342e-01
5.149858593940734863e-01 5.300135612487792969e-01 1.928724646568298340e+00 -7.682588696479797363e-02 -7.118454575538635254e-01 5.445381999015808105e-02
-5.562275648117065430e-01 -2.570183575153350830e-02 -1.308156609535217285e+00 1.639673411846160889e-01 7.694056034088134766e-01 -1.740640774369239807e-02
2.471824884414672852e-01 -2.570183575153350830e-02 -5.359766483306884766e-01 1.306843459606170654e-01 -4.641877710819244385e-01 -2.495408803224563599e-02
-2.884242236614227295e-01 -5.814172029495239258e-01 4.737910032272338867e-01 9.609388560056686401e-02 1.497023999691009521e-01 -1.013146415352821350e-01
5.149858593940734863e-01 5.300135612487792969e-01 6.307199597358703613e-01 -1.274903714656829834e-01 -8.461339473724365234e-01 6.638354808092117310e-02
2.471824884414672852e-01 8.078712224960327148e-01 -9.484058022499084473e-01 -1.832538843154907227e-01 -4.878653287887573242e-01 1.803002059459686279e-01
-5.562275648117065430e-01 -5.814172029495239258e-01 -8.348219394683837891e-01 4.359438642859458923e-02 7.015043497085571289e-01 -9.945436567068099976e-02
2.471824884414672852e-01 5.300135612487792969e-01 1.832686662673950195e+00 -1.035706326365470886e-01 -3.280180692672729492e-01 5.877514556050300598e-02
-2.062085829675197601e-02 -2.570183575153350830e-02 -5.997163057327270508e-01 9.630721807479858398e-02 1.956952959299087524e-01 -2.253997884690761566e-02
2.471824884414672852e-01 -2.570183575153350830e-02 5.243247151374816895e-01 -8.995819836854934692e-02 -2.102122753858566284e-01 2.765007317066192627e-03
7.827892303466796875e-01 -2.570183575153350830e-02 8.429463505744934082e-01 -7.166375964879989624e-02 -1.218229055404663086e+00 -8.958539925515651703e-03
-2.062085829675197601e-02 -2.570183575153350830e-02 -1.813110232353210449e+00 1.540662348270416260e-01 1.096859574317932129e-02 1.470369007438421249e-02
2.471824884414672852e-01 -8.592748641967773438e-01 -7.894216179847717285e-01 1.036072447896003723e-01 -4.539357721805572510e-01 -1.473858952522277832e-01
-5.562275648117065430e-01 -5.814172029495239258e-01 2.634899914264678955e-01 1.954535990953445435e-01 7.664353251457214355e-01 -1.181682795286178589e-01
2.471824884414672852e-01 5.300135612487792969e-01 -5.801758170127868652e-01 -1.463154703378677368e-01 -4.335396885871887207e-01 6.804213672876358032e-02
-5.562275648117065430e-01 -2.570183575153350830e-02 -8.789073228836059570e-01 1.221466213464736938e-01 7.736148238182067871e-01 -2.259210497140884399e-02
-2.884242236614227295e-01 -2.570183575153350830e-02 -1.815042048692703247e-01 1.814308166503906250e-01 5.102444887161254883e-01 -7.537255994975566864e-03
-5.562275648117065430e-01 -2.570183575153350830e-02 -1.087424039840698242e+00 1.364854872226715088e-01 1.016289114952087402e+00 -6.300946697592735291e-04
7.827892303466796875e-01 -5.814172029495239258e-01 1.063130609691143036e-02 1.828264296054840088e-01 -9.881126880645751953e-01 -1.160349845886230469e-01
2.471824884414672852e-01 2.521558701992034912e-01 -9.906107783317565918e-01 -1.785601377487182617e-01 -3.878701925277709961e-01 1.039716135710477829e-02
2.471824884414672852e-01 2.521558701992034912e-01 -1.227918982505798340e+00 -1.454201489686965942e-01 -3.020687401294708252e-01 2.336001582443714142e-02
-2.884242236614227295e-01 8.078712224960327148e-01 -9.852421283721923828e-01 -1.561123579740524292e-01 5.007596611976623535e-01 1.812209188938140869e-01
-2.884242236614227295e-01 -5.814172029495239258e-01 -1.313566327095031738e+00 1.310110371559858322e-02 4.276032149791717529e-01 -7.296899706125259399e-02
-5.562275648117065430e-01 8.078712224960327148e-01 -1.431091189384460449e+00 -1.591086685657501221e-01 8.956551551818847656e-01 1.151315569877624512e-01
-2.884242236614227295e-01 8.078712224960327148e-01 1.086925745010375977e+00 -6.988672912120819092e-02 1.496021896600723267e-01 9.507315605878829956e-02
2.471824884414672852e-01 5.300135612487792969e-01 1.444968581199645996e+00 -3.515220806002616882e-02 -2.455970793962478638e-01 6.925491243600845337e-02
-8.240308761596679688e-01 8.078712224960327148e-01 -1.731308817863464355e+00 -1.851329058408737183e-01 1.151437282562255859e+00 1.957303285598754883e-01
2.471824884414672852e-01 5.300135612487792969e-01 7.212611436843872070e-01 -1.269610226154327393e-01 -1.770670861005783081e-01 8.254337310791015625e-02
2.471824884414672852e-01 -5.814172029495239258e-01 -2.271904051303863525e-01 1.330150365829467773e-01 -2.936230897903442383e-01 -7.866912335157394409e-02
-8.240308761596679688e-01 -3.035595118999481201e-01 -1.625333666801452637e+00 -4.972190130501985550e-03 1.770814538002014160e+00 -4.536963626742362976e-02
5.149858593940734863e-01 -8.592748641967773438e-01 -1.911576986312866211e-01 1.725796908140182495e-01 -6.465084552764892578e-01 -1.524913907051086426e-01
-8.240308761596679688e-01 -2.570183575153350830e-02 -1.597481131553649902e+00 9.868550114333629608e-03 1.665900349617004395e+00 -4.459904041141271591e-03
-2.062085829675197601e-02 -2.570183575153350830e-02 -1.804079890251159668e+00 -4.048104211688041687e-02 1.955466419458389282e-01 -1.202853396534919739e-02
-2.062085829675197601e-02 -2.570183575153350830e-02 -1.536137580871582031e+00 -1.354159563779830933e-01 -1.785944104194641113e-01 -6.436861585825681686e-03
-2.062085829675197601e-02 -8.592748641967773438e-01 7.171953916549682617e-01 1.209262460470199585e-01 1.803419180214405060e-02 -1.544117480516433716e-01
7.827892303466796875e-01 -2.570183575153350830e-02 1.332701444625854492e+00 1.316845566034317017e-01 -1.619784832000732422e+00 2.400173805654048920e-02
5.149858593940734863e-01 -3.035595118999481201e-01 3.736906945705413818e-01 -1.484387218952178955e-01 -8.840028643608093262e-01 -2.083614468574523926e-02
-2.062085829675197601e-02 5.300135612487792969e-01 1.859378099441528320e+00 -9.570383280515670776e-02 -3.144049644470214844e-02 8.143257349729537964e-02
-8.240308761596679688e-01 -8.592748641967773438e-01 -4.026530683040618896e-01 1.449052393436431885e-01 1.041427850723266602e+00 -1.596768051385879517e-01
7.827892303466796875e-01 -8.592748641967773438e-01 1.893519997596740723e+00 1.508315652608871460e-01 -1.278174042701721191e+00 -1.541392207145690918e-01
7.827892303466796875e-01 -3.035595118999481201e-01 8.768563270568847656e-01 -1.150525435805320740e-01 -1.410773992538452148e+00 -3.044867515563964844e-02
-8.240308761596679688e-01 -3.035595118999481201e-01 -9.764968752861022949e-01 1.740368455648422241e-01 1.074393033981323242e+00 -5.681228637695312500e-02
-2.062085829675197601e-02 -3.035595118999481201e-01 -1.515936613082885742e+00 -1.067417338490486145e-01 7.723499089479446411e-02 -1.365432608872652054e-02
-5.562275648117065430e-01 -3.035595118999481201e-01 -1.610491037368774414e+00 8.745628595352172852e-02 7.101246118545532227e-01 -4.293941706418991089e-02
7.827892303466796875e-01 -3.035595118999481201e-01 1.338608980178833008e+00 -5.826443061232566833e-02 -1.389631390571594238e+00 -5.232110992074012756e-02
-8.240308761596679688e-01 -5.814172029495239258e-01 -8.631921410560607910e-01 -3.442746400833129883e-02 1.345030665397644043e+00 -6.318055838346481323e-02
7.827892303466796875e-01 -2.570183575153350830e-02 1.741997838020324707e+00 -7.152500748634338379e-02 -9.356327056884765625e-01 -8.283198811113834381e-03
-2.884242236614227295e-01 -3.035595118999481201e-01 -1.279445052146911621e+00 -4.070633556693792343e-03 4.611404836177825928e-01 -2.338820323348045349e-02
-2.884242236614227295e-01 -2.570183575153350830e-02 -1.284250974655151367e+00 8.284022659063339233e-02 5.445250272750854492e-01 -8.756738156080245972e-03
-2.884242236614227295e-01 8.078712224960327148e-01 -1.349754333496093750e+00 -8.173444867134094238e-02 5.461996197700500488e-01 1.343525499105453491e-01
-5.562275648117065430e-01 -3.035595118999481201e-01 -1.559059977531433105e+00 -1.143946778029203415e-02 7.595337629318237305e-01 -3.811129182577133179e-02
-2.062085829675197601e-02 2.521558701992034912e-01 -1.439645767211914062e+00 7.488738745450973511e-02 4.813754558563232422e-02 3.425243124365806580e-02
2.471824884414672852e-01 -5.814172029495239258e-01 1.849529743194580078e+00 1.185123473405838013e-01 -9.841192513704299927e-02 -8.754859864711761475e-02
-8.240308761596679688e-01 -2.570183575153350830e-02 -9.917725324630737305e-01 4.521812871098518372e-02 1.209396481513977051e+00 -1.556529104709625244e-02
5.149858593940734863e-01 5.300135612487792969e-01 1.927250862121582031e+00 -5.964411795139312744e-02 -6.314259171485900879e-01 7.581818848848342896e-02
7.827892303466796875e-01 8.078712224960327148e-01 1.301056504249572754e+00 -6.075982749462127686e-02 -9.959753751754760742e-01 1.142554059624671936e-01
5.149858593940734863e-01 -8.592748641967773438e-01 1.845564961433410645e+00 1.496478766202926636e-01 -5.145210623741149902e-01 -1.748558580875396729e-01
-5.562275648117065430e-01 2.521558701992034912e-01 -3.187818229198455811e-01 -1.058208495378494263e-01 5.804517865180969238e-01 1.307710260152816772e-02
-8.240308761596679688e-01 -2.570183575153350830e-02 -1.365286827087402344e+00 1.783518046140670776e-01 1.239490151405334473e+00 -1.220165286213159561e-02
-2.884242236614227295e-01 -8.592748641967773438e-01 -1.645808368921279907e-01 1.817148774862289429e-01 3.077432513236999512e-01 -1.286498159170150757e-01
-2.884242236614227295e-01 -3.035595118999481201e-01 -6.740333437919616699e-01 3.753814846277236938e-02 4.855818152427673340e-01 -5.963230505585670471e-02
2.471824884414672852e-01 -5.814172029495239258e-01 1.367404580116271973e+00 6.148053333163261414e-02 -2.153473794460296631e-01 -9.933800250291824341e-02
-8.240308761596679688e-01 -5.814172029495239258e-01 -1.221812725067138672e+00 1.760380864143371582e-01 1.408676385879516602e+00 -8.440891653299331665e-02
-5.562275648117065430e-01 -5.814172029495239258e-01 -4.916157126426696777e-01 1.132722422480583191e-01 9.532866477966308594e-01 -1.060604304075241089e-01
-2.884242236614227295e-01 5.300135612487792969e-01 -1.455092906951904297e+00 4.289429262280464172e-02 5.804880261421203613e-01 6.917236000299453735e-02
-5.562275648117065430e-01 2.521558701992034912e-01 8.253432065248489380e-02 -1.269699335098266602e-01 7.309560179710388184e-01 2.980231307446956635e-02
-5.562275648117065430e-01 -2.570183575153350830e-02 -9.987342953681945801e-01 1.110998392105102539e-01 1.015644311904907227e+00 -1.098683802410960197e-03
7.827892303466796875e-01 -2.570183575153350830e-02 2.487113922834396362e-01 -1.904210597276687622e-01 -1.025722146034240723e+00 3.497052239254117012e-04
-8.240308761596679688e-01 8.078712224960327148e-01 -6.063681244850158691e-01 -1.872672587633132935e-01 1.054347872734069824e+00 1.743569970130920410e-01
-2.884242236614227295e-01 -8.592748641967773438e-01 -9.039878845214843750e-01 1.111610606312751770e-01 6.107095479965209961e-01 -1.306204944849014282e-01
-2.062085829675197601e-02 -3.035595118999481201e-01 1.278088212013244629e+00 -6.872513890266418457e-02 3.702777996659278870e-02 -3.936558216810226440e-02
-2.062085829675197601e-02 2.521558701992034912e-01 -8.120017647743225098e-01 4.399275407195091248e-02 -1.922055780887603760e-01 5.538960546255111694e-02
-8.240308761596679688e-01 -5.814172029495239258e-01 -1.816974282264709473e+00 9.441489726305007935e-02 1.134425401687622070e+00 -7.517854869365692139e-02
-2.062085829675197601e-02 5.300135612487792969e-01 -1.863333821296691895e+00 -3.701185807585716248e-02 -4.190566763281822205e-02 5.820967629551887512e-02
7.827892303466796875e-01 2.521558701992034912e-01 1.546155691146850586e+00 -7.709115743637084961e-02 -1.156384348869323730e+00 1.252876129001379013e-02
7.827892303466796875e-01 5.300135612487792969e-01 1.814193248748779297e+00 -6.874618679285049438e-02 -1.844093322753906250e+00 8.313291519880294800e-02
-5.562275648117065430e-01 -8.592748641967773438e-01 -8.792839050292968750e-01 1.404422819614410400e-01 7.628681659698486328e-01 -1.296625584363937378e-01
-5.562275648117065430e-01 8.078712224960327148e-01 -1.725882291793823242e+00 -1.935450732707977295e-01 7.602213025093078613e-01 1.414704024791717529e-01
2.471824884414672852e-01 8.078712224960327148e-01 3.634348213672637939e-01 -1.885196119546890259e-01 -3.681040108203887939e-01 1.511842608451843262e-01
-5.562275648117065430e-01 5.300135612487792969e-01 -9.946107864379882812e-01 -1.735517531633377075e-01 9.462978839874267578e-01 7.341864705085754395e-02
-8.240308761596679688e-01 8.078712224960327148e-01 -1.550811171531677246e+00 -1.553136259317398071e-01 1.670148968696594238e+00 8.824958652257919312e-02
-5.562275648117065430e-01 2.521558701992034912e-01 -1.205142974853515625e+00 -3.761155996471643448e-03 8.077571988105773926e-01 5.385841801762580872e-02
-2.062085829675197601e-02 -8.592748641967773438e-01 -1.603664636611938477e+00 1.983887851238250732e-01 2.061032354831695557e-01 -1.858056485652923584e-01
2.471824884414672852e-01 -8.592748641967773438e-01 -2.318884283304214478e-01 1.066139489412307739e-01 -5.161023736000061035e-01 -1.469174772500991821e-01
7.827892303466796875e-01 -3.035595118999481201e-01 1.951169013977050781e+00 -2.241707779467105865e-02 -1.522735238075256348e+00 -5.160061269998550415e-02
-8.240308761596679688e-01 -5.814172029495239258e-01 -1.550383329391479492e+00 1.947444081306457520e-01 1.721013188362121582e+00 -7.392884045839309692e-02
5.149858593940734863e-01 -2.570183575153350830e-02 7.489256858825683594e-01 1.371212899684906006e-01 -6.564385294914245605e-01 2.024577558040618896e-02
5.149858593940734863e-01 -8.592748641967773438e-01 1.529796838760375977e+00 7.151557505130767822e-02 -7.448129057884216309e-01 -1.227470934391021729e-01
-2.884242236614227295e-01 8.078712224960327148e-01 -4.083172678947448730e-01 -9.916280955076217651e-02 5.593343377113342285e-01 1.152960509061813354e-01
-2.884242236614227295e-01 -8.592748641967773438e-01 1.502639055252075195e+00 1.799631118774414062e-01 1.053552776575088501e-01 -1.940128952264785767e-01
-5.562275648117065430e-01 -5.814172029495239258e-01 -7.612734436988830566e-01 -5.183485522866249084e-02 8.559277653694152832e-01 -7.357235252857208252e-02
7.827892303466796875e-01 -5.814172029495239258e-01 1.832322597503662109e+00 1.609133481979370117e-01 -1.099760293960571289e+00 -8.892711997032165527e-02
2.471824884414672852e-01 8.078712224960327148e-01 1.786277294158935547e+00 -1.359082162380218506e-01 -9.607376903295516968e-02 1.520581841468811035e-01
7.827892303466796875e-01 2.521558701992034912e-01 1.490958452224731445e+00 5.181625485420227051e-02 -9.604907035827636719e-01 4.419330880045890808e-02
-2.062085829675197601e-02 -3.035595118999481201e-01 -1.388356208801269531e+00 1.952382475137710571e-01 8.996208012104034424e-02 -7.297374308109283447e-02
-2.062085829675197601e-02 8.078712224960327148e-01 -1.055266141891479492e+00 -3.973542246967554092e-03 5.620513483881950378e-02 1.014774516224861145e-01
-2.884242236614227295e-01 2.521558701992034912e-01 1.757723331451416016e+00 -7.827027142047882080e-02 1.057180911302566528e-01 1.132001541554927826e-02
5.149858593940734863e-01 2.521558701992034912e-01 1.381339073181152344e+00 3.490276634693145752e-02 -7.924603819847106934e-01 4.388827458024024963e-02
-2.884242236614227295e-01 -8.592748641967773438e-01 -1.766329646110534668e+00 8.985365927219390869e-02 6.677985191345214844e-01 -1.431892812252044678e-01
-2.884242236614227295e-01 5.300135612487792969e-01 3.632856607437133789e-01 -1.253663599491119385e-01 2.356479465961456299e-01 8.414759486913681030e-02
7.827892303466796875e-01 -5.814172029495239258e-01 1.412060737609863281e+00 5.791749432682991028e-02 -1.532941818237304688e+00 -1.035489439964294434e-01
-5.562275648117065430e-01 -8.592748641967773438e-01 3.820950984954833984e-01 1.045006290078163147e-01 6.255021095275878906e-01 -1.515279859304428101e-01
-5.562275648117065430e-01 -5.814172029495239258e-01 -8.292139172554016113e-01 1.052483171224594116e-02 6.827779412269592285e-01 -9.108069539070129395e-02
5.149858593940734863e-01 -8.592748641967773438e-01 1.345026612281799316e+00 1.574001461267471313e-01 -7.625821232795715332e-01 -1.794984787702560425e-01
-2.884242236614227295e-01 -3.035595118999481201e-01 -1.790579080581665039e+00 5.832747742533683777e-02 4.275339841842651367e-01 -4.513205587863922119e-02
5.149858593940734863e-01 5.300135612487792969e-01 1.941550135612487793e+00 1.055613998323678970e-02 -5.571612119674682617e-01 7.859928160905838013e-02
5.149858593940734863e-01 -3.035595118999481201e-01 7.039570212364196777e-01 -3.070805920287966728e-03 -6.008349657058715820e-01 -4.389256238937377930e-02
-2.062085829675197601e-02 -2.570183575153350830e-02 -1.353331327438354492e+00 1.600282639265060425e-01 7.637645304203033447e-02 -2.130520530045032501e-03
5.149858593940734863e-01 2.521558701992034912e-01 1.528064727783203125e+00 3.140135202556848526e-03 -7.284535169601440430e-01 4.087860882282257080e-02
7.827892303466796875e-01 5.300135612487792969e-01 1.698435306549072266e+00 -1.155093088746070862e-01 -1.502445816993713379e+00 8.793669193983078003e-02
-8.240308761596679688e-01 2.521558701992034912e-01 -1.682093739509582520e+00 -1.359255635179579258e-03 1.451444506645202637e+00 4.964771866798400879e-02
-8.240308761596679688e-01 -3.035595118999481201e-01 -9.826246500015258789e-01 -1.547926105558872223e-02 1.466528892517089844e+00 -4.382358118891716003e-02
-2.062085829675197601e-02 8.078712224960327148e-01 -1.550378441810607910e+00 -1.142236366868019104e-01 -1.464622467756271362e-01 1.267343163490295410e-01
7.827892303466796875e-01 5.300135612487792969e-01 1.038341999053955078e+00 -7.539334148168563843e-02 -1.099893569946289062e+00 8.699852228164672852e-02
-8.240308761596679688e-01 -8.592748641967773438e-01 -9.948762655258178711e-01 1.363159418106079102e-01 1.233753442764282227e+00 -1.693894118070602417e-01
7.827892303466796875e-01 -3.035595118999481201e-01 1.697899699211120605e+00 -3.428611904382705688e-02 -1.028044581413269043e+00 -2.354416437447071075e-02
7.827892303466796875e-01 -2.570183575153350830e-02 1.929410457611083984e+00 1.456528902053833008e-01 -1.071473479270935059e+00 -1.810151152312755585e-02
-2.062085829675197601e-02 5.300135612487792969e-01 -1.667532563209533691e+00 -4.945266246795654297e-02 8.950241655111312866e-02 8.612257987260818481e-02
-2.062085829675197601e-02 8.078712224960327148e-01 -1.038998514413833618e-01 -1.578396856784820557e-01 -1.650978326797485352e-01 1.647484749555587769e-01
-2.062085829675197601e-02 5.300135612487792969e-01 -7.607129216194152832e-01 -3.703222051262855530e-02 8.322557806968688965e-02 7.234068959951400757e-02
-2.062085829675197601e-02 5.300135612487792969e-01 -1.715128898620605469e+00 -5.475748702883720398e-02 -3.525855764746665955e-02 5.480326339602470398e-02
2.471824884414672852e-01 -2.570183575153350830e-02 1.253319621086120605e+00 1.562627553939819336e-01 -2.925280928611755371e-01 -9.164471179246902466e-03
-8.240308761596679688e-01 5.300135612487792969e-01 -1.926446914672851562e+00 -1.310800313949584961e-01 1.613798975944519043e+00 5.811707675457000732e-02
-2.884242236614227295e-01 -2.570183575153350830e-02 -7.050761580467224121e-01 -4.489837959408760071e-02 3.390687704086303711e-01 8.005291223526000977e-03
-2.062085829675197601e-02 -5.814172029495239258e-01 2.232360392808914185e-01 1.896843463182449341e-01 -1.566340327262878418e-01 -1.069826856255531311e-01
2.471824884414672852e-01 8.078712224960327148e-01 -4.206354320049285889e-01 -1.620602160692214966e-01 -5.725063681602478027e-01 1.679946184158325195e-01
7.827892303466796875e-01 -2.570183575153350830e-02 1.598955631256103516e+00 -2.880609594285488129e-02 -1.543444871902465820e+00 -9.977205656468868256e-03
5.149858593940734863e-01 -8.592748641967773438e-01 1.935683012008666992e+00 1.566884368658065796e-01 -4.451900720596313477e-01 -1.409587860107421875e-01
7.827892303466796875e-01 8.078712224960327148e-01 1.479717612266540527e+00 -8.887241035699844360e-02 -1.625252604484558105e+00 1.440997570753097534e-01
-2.062085829675197601e-02 -2.570183575153350830e-02 1.216955184936523438e+00 3.629820421338081360e-02 -1.320241764187812805e-02 -7.846307940781116486e-03
5.149858593940734863e-01 -5.814172029495239258e-01 1.539580941200256348e+00 1.740732342004776001e-01 -4.485312700271606445e-01 -1.023680493235588074e-01
-2.884242236614227295e-01 2.521558701992034912e-01 3.464922681450843811e-02 1.068555116653442383e-01 3.140210807323455811e-01 4.670664668083190918e-02
5.149858593940734863e-01 8.078712224960327148e-01 9.054977297782897949e-01 -1.504730731248855591e-01 -8.416902422904968262e-01 1.161326095461845398e-01
5.149858593940734863e-01 -2.570183575153350830e-02 3.071594983339309692e-03 1.050570756196975708e-01 -5.882344841957092285e-01 -2.606307715177536011e-02
7.827892303466796875e-01 -2.570183575153350830e-02 1.537869930267333984e+00 -6.084248423576354980e-02 -1.402552127838134766e+00 -8.513219654560089111e-03
-5.562275648117065430e-01 5.300135612487792969e-01 7.854647636413574219e-01 -4.351598396897315979e-02 5.449411869049072266e-01 5.959782376885414124e-02
-5.562275648117065430e-01 -2.570183575153350830e-02 -1.917127966880798340e+00 7.852503657341003418e-02 8.993170857429504395e-01 -1.867593452334403992e-02
-8.240308761596679688e-01 -3.035595118999481201e-01 -1.369943618774414062e+00 1.532271653413772583e-01 1.206053733825683594e+00 -6.678309291601181030e-02
7.827892303466796875e-01 -5.814172029495239258e-01 1.421109318733215332e+00 -1.899193227291107178e-02 -1.707265257835388184e+00 -8.885224163532257080e-02
-2.884242236614227295e-01 8.078712224960327148e-01 -5.292776823043823242e-01 -1.631674319505691528e-01 2.789687216281890869e-01 1.553905755281448364e-01
-2.062085829675197601e-02 2.521558701992034912e-01 -1.394589066505432129e+00 -3.204923495650291443e-02 -1.590086966753005981e-01 4.636759683489799500e-02
-8.240308761596679688e-01 -5.814172029495239258e-01 -1.830455780029296875e+00 1.775431931018829346e-01 1.733026742935180664e+00 -9.956736862659454346e-02
-5.562275648117065430e-01 2.521558701992034912e-01 -3.918792009353637695e-01 -1.077333912253379822e-01 6.215968728065490723e-01 3.442687541246414185e-02
2.471824884414672852e-01 5.300135612487792969e-01 1.437216877937316895e+00 -8.363109081983566284e-02 -2.637063562870025635e-01 7.761938124895095825e-02
2.471824884414672852e-01 5.300135612487792969e-01 1.128726243972778320e+00 -7.527076452970504761e-02 -2.864412963390350342e-01 5.139536038041114807e-02
7.827892303466796875e-01 -5.814172029495239258e-01 1.759017825126647949e+00 4.951379075646400452e-02 -1.489859223365783691e+00 -6.573858857154846191e-02
-2.884242236614227295e-01 8.078712224960327148e-01 -6.982720494270324707e-01 -7.942101359367370605e-02 5.815260410308837891e-01 1.213336139917373657e-01
2.471824884414672852e-01 -2.570183575153350830e-02 1.907616615295410156e+00 -1.781231015920639038e-01 -4.039996862411499023e-01 2.041996456682682037e-03
-8.240308761596679688e-01 5.300135612487792969e-01 -1.794704318046569824e+00 2.686607418581843376e-03 1.889461159706115723e+00 8.232686668634414673e-02
-5.562275648117065430e-01 -5.814172029495239258e-01 -8.859246373176574707e-01 1.465840786695480347e-01 1.023797631263732910e+00 -9.498781710863113403e-02
-2.884242236614227295e-01 8.078712224960327148e-01 -1.011828064918518066e+00 -4.287720844149589539e-02 4.942675232887268066e-01 1.056755930185317993e-01
-2.062085829675197601e-02 -2.570183575153350830e-02 -7.937331795692443848e-01 3.481616452336311340e-02 -2.343842238187789917e-01 -1.616240851581096649e-02
-2.062085829675197601e-02 -8.592748641967773438e-01 3.682405054569244385e-01 1.431294977664947510e-01 -8.104267716407775879e-02 -1.197133585810661316e-01
5.149858593940734863e-01 -3.035595118999481201e-01 1.683964848518371582e+00 -9.093670547008514404e-02 -6.157736182212829590e-01 -2.592398785054683685e-02
-2.884242236614227295e-01 -8.592748641967773438e-01 -1.444671630859375000e+00 1.520710438489913940e-01 5.105878710746765137e-01 -1.537105292081832886e-01
5.149858593940734863e-01 -3.035595118999481201e-01 7.481669187545776367e-01 1.710730940103530884e-01 -5.346900224685668945e-01 -4.264227673411369324e-02
7.827892303466796875e-01 -2.570183575153350830e-02 1.203999757766723633e+00 5.537581443786621094e-02 -9.684789180755615234e-01 -1.134826801717281342e-02
-2.884242236614227295e-01 2.521558701992034912e-01 -1.175359725952148438e+00 4.123489931225776672e-02 4.928764402866363525e-01 2.841210737824440002e-02
-8.240308761596679688e-01 5.300135612487792969e-01 -1.594137072563171387e+00 -1.550109684467315674e-01 1.572062969207763672e+00 4.967756941914558411e-02
5.149858593940734863e-01 5.300135612487792969e-01 1.276654601097106934e+00 -1.582863032817840576e-01 -6.122065186500549316e-01 5.163776129484176636e-02
-2.062085829675197601e-02 8.078712224960327148e-01 -1.350116848945617676e+00 -4.344437643885612488e-02 -5.054046213626861572e-02 1.151488721370697021e-01
7.827892303466796875e-01 -3.035595118999481201e-01 1.619809985160827637e+00 5.611157044768333435e-02 -1.794938921928405762e+00 -3.901705518364906311e-02
7.827892303466796875e-01 -5.814172029495239258e-01 6.573232412338256836e-01 9.522293508052825928e-02 -1.199508786201477051e+00 -7.664195448160171509e-02
-5.562275648117065430e-01 -2.570183575153350830e-02 -9.182906150817871094e-01 1.478474289178848267e-01 1.018846511840820312e+00 -1.278171930607641116e-05
-8.240308761596679688e-01 8.078712224960327148e-01 -9.710838198661804199e-01 -2.814023010432720184e-02 1.114926695823669434e+00 1.060623377561569214e-01
2.471824884414672852e-01 -3.035595118999481201e-01 1.917631745338439941e+00 -6.472093611955642700e-02 -2.605053484439849854e-01 -2.217314392328262329e-02
-2.062085829675197601e-02 -2.570183575153350830e-02 -1.704352378845214844e+00 1.057452261447906494e-01 1.797992363572120667e-02 1.897732168436050415e-02
2.471824884414672852e-01 -3.035595118999481201e-01 -1.019719481468200684e+00 1.078221201896667480e-02 -2.834911942481994629e-01 -5.342904850840568542e-02
7.827892303466796875e-01 8.078712224960327148e-01 1.658039689064025879e+00 -1.421103924512863159e-01 -1.237886309623718262e+00 1.340384185314178467e-01
7.827892303466796875e-01 8.078712224960327148e-01 1.276561498641967773e+00 -6.617339700460433960e-02 -1.605537652969360352e+00 1.002297624945640564e-01
2.471824884414672852e-01 -8.592748641967773438e-01 -1.083991169929504395e+00 9.106658399105072021e-02 -3.696841895580291748e-01 -1.367896646261215210e-01
5.149858593940734863e-01 8.078712224960327148e-01 6.618232727050781250e-01 -1.684398800134658813e-01 -8.665047883987426758e-01 1.108056753873825073e-01
-8.240308761596679688e-01 8.078712224960327148e-01 -1.856007456779479980e+00 -1.302361786365509033e-01 1.529290199279785156e+00 1.255103349685668945e-01
-2.062085829675197601e-02 -3.035595118999481201e-01 1.576731562614440918e+00 8.298143744468688965e-02 -1.543478015810251236e-02 -2.847801335155963898e-02
-2.062085829675197601e-02 8.078712224960327148e-01 -1.022315979003906250e+00 -1.659530997276306152e-01 3.274496644735336304e-02 1.411966830492019653e-01
-2.062085829675197601e-02 -8.592748641967773438e-01 -8.033435940742492676e-01 1.333963423967361450e-01 -1.749422997236251831e-01 -1.147348731756210327e-01
2.471824884414672852e-01 -2.570183575153350830e-02 1.821940541267395020e+00 -1.021188199520111084e-01 -3.564590811729431152e-01 3.446641843765974045e-03
7.827892303466796875e-01 5.300135612487792969e-01 1.918318390846252441e+00 1.435821969062089920e-02 -1.783903121948242188e+00 5.818183347582817078e-02
-2.884242236614227295e-01 -2.570183575153350830e-02 -7.738677263259887695e-01 -9.312544763088226318e-02 4.003039002418518066e-01 8.095450699329376221e-03
-5.562275648117065430e-01 -8.592748641967773438e-01 -1.784378767013549805e+00 1.610838472843170166e-01 9.469149708747863770e-01 -1.295746564865112305e-01
5.149858593940734863e-01 8.078712224960327148e-01 7.651638984680175781e-01 -9.969976544380187988e-02 -7.880201935768127441e-01 1.415597498416900635e-01
-8.240308761596679688e-01 -3.035595118999481201e-01 -1.730233669281005859e+00 -5.260711163282394409e-02 1.159996390342712402e+00 -3.367361798882484436e-02
-8.240308761596679688e-01 -3.035595118999481201e-01 -5.990938544273376465e-01 1.841712594032287598e-01 1.293317675590515137e+00 -4.567674547433853149e-02
7.827892303466796875e-01 5.300135612487792969e-01 1.898817539215087891e+00 7.275609765201807022e-03 -1.334128499031066895e+00 8.036274462938308716e-02
-2.884242236614227295e-01 -2.570183575153350830e-02 -1.086072564125061035e+00 3.255510330200195312e-02 4.446255266666412354e-01 1.062555820681154728e-03
7.827892303466796875e-01 -8.592748641967773438e-01 1.772269457578659058e-01 1.136372089385986328e-01 -1.065661549568176270e+00 -1.166430488228797913e-01
-2.062085829675197601e-02 5.300135612487792969e-01 6.904045343399047852e-01 2.699076011776924133e-02 -9.061180800199508667e-02 5.900520831346511841e-02
7.827892303466796875e-01 -8.592748641967773438e-01 1.026906609535217285e+00 1.089230477809906006e-01 -1.283291578292846680e+00 -1.137240827083587646e-01
-2.884242236614227295e-01 -3.035595118999481201e-01 -1.449411511421203613e+00 7.595455739647150040e-03 3.817277252674102783e-01 -4.416836053133010864e-02
-8.240308761596679688e-01 8.078712224960327148e-01 -4.513878822326660156e-01 -1.674376726150512695e-01 1.124175310134887695e+00 1.422334313392639160e-01
-8.240308761596679688e-01 8.078712224960327148e-01 -1.640268087387084961e+00 -1.383916884660720825e-01 1.162613511085510254e+00 8.670277148485183716e-02
-2.884242236614227295e-01 -3.035595118999481201e-01 -2.220609039068222046e-01 1.558204442262649536e-01 3.144589960575103760e-01 -6.812023371458053589e-02
-2.062085829675197601e-02 -2.570183575153350830e-02 -1.888142585754394531e+00 -2.379600331187248230e-02 2.651112675666809082e-01 -1.483452506363391876e-03
5.149858593940734863e-01 2.521558701992034912e-01 1.944076299667358398e+00 9.117947518825531006e-02 -7.876853942871093750e-01 4.385476931929588318e-02
-2.884242236614227295e-01 -5.814172029495239258e-01 -1.145023107528686523e+00 5.955024436116218567e-02 4.401046931743621826e-01 -7.110831886529922485e-02
2.471824884414672852e-01 -3.035595118999481201e-01 1.900066018104553223e+00 1.901951730251312256e-01 -4.018293023109436035e-01 -5.227250978350639343e-02
5.149858593940734863e-01 -3.035595118999481201e-01 1.515359163284301758e+00 5.675363913178443909e-02 -8.199421763420104980e-01 -4.455231502652168274e-02
-8.240308761596679688e-01 8.078712224960327148e-01 -1.654459714889526367e+00 -6.477053463459014893e-02 1.230473160743713379e+00 9.559733420610427856e-02
2.471824884414672852e-01 -5.814172029495239258e-01 -1.094941020011901855e+00 1.008612588047981262e-01 -3.465991914272308350e-01 -7.844453305006027222e-02
-8.240308761596679688e-01 2.521558701992034912e-01 -1.095089673995971680e+00 -1.073454990983009338e-01 1.258229374885559082e+00 4.559990391135215759e-02
2.471824884414672852e-01 5.300135612487792969e-01 1.088441371917724609e+00 -8.916135877370834351e-02 -2.554751932621002197e-01 8.941533416509628296e-02
2.471824884414672852e-01 -8.592748641967773438e-01 -7.850049734115600586e-01 1.870085000991821289e-01 -5.670365095138549805e-01 -1.667029559612274170e-01
-2.884242236614227295e-01 5.300135612487792969e-01 -1.636018395423889160e+00 -1.210701838135719299e-01 6.317440867424011230e-01 6.177358701825141907e-02
5.149858593940734863e-01 2.521558701992034912e-01 7.848400473594665527e-01 -1.414764523506164551e-01 -4.930968880653381348e-01 3.711546212434768677e-02
7.827892303466796875e-01 -3.035595118999481201e-01 1.945145726203918457e+00 1.965863853693008423e-01 -1.051553964614868164e+00 -5.545555800199508667e-02
-2.062085829675197601e-02 -2.570183575153350830e-02 -1.726648449897766113e+00 -3.272803500294685364e-02 -6.627118587493896484e-02 -1.523582823574542999e-02
2.471824884414672852e-01 -5.814172029495239258e-01 1.543032407760620117e+00 1.146575063467025757e-01 -1.574788242578506470e-01 -7.905074208974838257e-02
-8.240308761596679688e-01 -5.814172029495239258e-01 -1.682355403900146484e+00 9.999112039804458618e-02 1.606068491935729980e+00 -1.021378561854362488e-01
-2.062085829675197601e-02 5.300135612487792969e-01 -1.282773017883300781e+00 -1.635278314352035522e-01 2.187000215053558350e-01 8.259255439043045044e-02
-8.240308761596679688e-01 8.078712224960327148e-01 -1.741731047630310059e+00 -1.879488974809646606e-01 1.356443881988525391e+00 1.607395112514495850e-01
-2.884242236614227295e-01 8.078712224960327148e-01 -6.544783711433410645e-01 -1.733089834451675415e-01 3.561255335807800293e-01 1.598923057317733765e-01
5.149858593940734863e-01 -3.035595118999481201e-01 8.890470266342163086e-01 7.698235660791397095e-02 -7.625949382781982422e-01 -5.997437983751296997e-02
-2.062085829675197601e-02 -8.592748641967773438e-01 1.887650012969970703e+00 8.590684831142425537e-02 1.197933591902256012e-02 -1.200803145766258240e-01
-2.062085829675197601e-02 2.521558701992034912e-01 1.661945343017578125e+00 -1.418694015592336655e-02 -3.532601892948150635e-02 4.923515394330024719e-02
2.471824884414672852e-01 5.300135612487792969e-01 8.190499544143676758e-01 -4.590668529272079468e-02 -4.014706909656524658e-01 6.608507782220840454e-02
-2.884242236614227295e-01 -8.592748641967773438e-01 1.493997335433959961e+00 9.453067183494567871e-02 2.260302901268005371e-01 -1.376169174909591675e-01
5.149858593940734863e-01 -3.035595118999481201e-01 1.934226751327514648e+00 -6.755874957889318466e-03 -4.985138177871704102e-01 -4.598951712250709534e-02
-2.884242236614227295e-01 -5.814172029495239258e-01 -1.264266133308410645e+00 1.251944005489349365e-01 5.680275559425354004e-01 -7.798618078231811523e-02
-5.562275648117065430e-01 2.521558701992034912e-01 5.705717206001281738e-01 -1.301940530538558960e-01 6.603814363479614258e-01 1.439624931663274765e-02
2.471824884414672852e-01 5.300135612487792969e-01 1.023336172103881836e+00 -9.807343035936355591e-02 -2.154028564691543579e-01 6.095452606678009033e-02
-2.062085829675197601e-02 5.300135612487792969e-01 -1.265057802200317383e+00 -1.537091881036758423e-01 3.073245845735073090e-02 5.089809000492095947e-02
7.827892303466796875e-01 5.300135612487792969e-01 5.263042449951171875e-01 -1.720509678125381470e-01 -1.233065962791442871e+00 7.728271186351776123e-02
5.149858593940734863e-01 -3.035595118999481201e-01 -1.515467017889022827e-01 1.817269027233123779e-01 -8.789761662483215332e-01 -5.364830046892166138e-02
-8.240308761596679688e-01 5.300135612487792969e-01 -1.901362657546997070e+00 2.540978230535984039e-02 1.741858243942260742e+00 7.928062975406646729e-02
-8.240308761596679688e-01 -3.035595118999481201e-01 -1.141987919807434082e+00 -8.777474611997604370e-02 1.197405576705932617e+00 -4.089391976594924927e-02
5.149858593940734863e-01 -2.570183575153350830e-02 8.807442784309387207e-01 5.583225563168525696e-02 -8.496083021163940430e-01 -3.367437748238444328e-03
-2.062085829675197601e-02 -3.035595118999481201e-01 1.147275090217590332e+00 1.377238184213638306e-01 2.837231149896979332e-03 -3.150118887424468994e-02
-8.240308761596679688e-01 5.300135612487792969e-01 -1.509259223937988281e+00 -1.579554751515388489e-02 1.531692743301391602e+00 9.393657743930816650e-02
-2.062085829675197601e-02 -8.592748641967773438e-01 1.410655140876770020e+00 1.152312383055686951e-01 -3.203334752470254898e-03 -1.215925887227058411e-01
-2.062085829675197601e-02 5.300135612487792969e-01 8.299937248229980469e-01 -1.191203519701957703e-01 -1.104829609394073486e-01 8.301548659801483154e-02
-8.240308761596679688e-01 5.300135612487792969e-01 -1.733970761299133301e+00 -1.481586396694183350e-01 1.219973921775817871e+00 6.085166335105895996e-02
5.149858593940734863e-01 -3.035595118999481201e-01 1.506307005882263184e+00 1.960579603910446167e-01 -7.331857681274414062e-01 -4.775699973106384277e-02
7.827892303466796875e-01 -2.570183575153350830e-02 1.519201755523681641e+00 1.838997378945350647e-02 -1.457826852798461914e+00 9.239849634468555450e-03
-2.062085829675197601e-02 5.300135612487792969e-01 6.884520649909973145e-01 1.941464468836784363e-02 -3.665750846266746521e-02 8.215878903865814209e-02
2.471824884414672852e-01 2.521558701992034912e-01 1.218291163444519043e+00 -5.649580433964729309e-02 -2.865347266197204590e-01 3.819462284445762634e-02
2.471824884414672852e-01 -2.570183575153350830e-02 -1.025743603706359863e+00 -5.159745737910270691e-02 -3.393092751502990723e-01 -1.417816057801246643e-02
-2.062085829675197601e-02 8.078712224960327148e-01 -1.081598877906799316e+00 -7.744097709655761719e-02 -2.145157158374786377e-01 9.871817380189895630e-02
7.827892303466796875e-01 -8.592748641967773438e-01 1.721451520919799805e+00 1.943787485361099243e-01 -1.703592300415039062e+00 -1.886443495750427246e-01
2.471824884414672852e-01 -5.814172029495239258e-01 3.328507542610168457e-01 1.602161973714828491e-01 -4.123186469078063965e-01 -1.069399639964103699e-01
-8.240308761596679688e-01 -5.814172029495239258e-01 -1.831891059875488281e+00 2.095171948894858360e-03 1.772724270820617676e+00 -9.764176607131958008e-02
-2.884242236614227295e-01 -2.570183575153350830e-02 8.577234148979187012e-01 1.173152867704629898e-02 3.558636009693145752e-01 1.066193077713251114e-02
-8.240308761596679688e-01 5.300135612487792969e-01 -1.434700489044189453e+00 -9.236373007297515869e-02 1.417631983757019043e+00 5.999121814966201782e-02
-2.062085829675197601e-02 -2.570183575153350830e-02 -1.815982460975646973e+00 1.605345606803894043e-01 -7.936389185488224030e-03 -2.368239127099514008e-02
-2.062085829675197601e-02 -8.592748641967773438e-01 -1.776089191436767578e+00 1.481190323829650879e-01 2.848793379962444305e-02 -1.694781482219696045e-01
-8.240308761596679688e-01 8.078712224960327148e-01 -8.405523300170898438e-01 -8.430096507072448730e-02 1.370679974555969238e+00 1.074510663747787476e-01
2.471824884414672852e-01 -5.814172029495239258e-01 1.099828362464904785e+00 -3.588032210245728493e-03 -4.534057676792144775e-01 -9.062383323907852173e-02
7.827892303466796875e-01 -3.035595118999481201e-01 1.027144789695739746e+00 -2.739526890218257904e-02 -9.262246489524841309e-01 -4.392484575510025024e-02
5.149858593940734863e-01 -3.035595118999481201e-01 1.955543279647827148e+00 1.219735220074653625e-01 -6.697954535484313965e-01 -5.352628603577613831e-02
2.471824884414672852e-01 8.078712224960327148e-01 -4.553928971290588379e-01 -1.018099114298820496e-01 -2.237138599157333374e-01 1.037496477365493774e-01
7.827892303466796875e-01 5.300135612487792969e-01 1.065595746040344238e+00 -1.341591477394104004e-01 -1.357417106628417969e+00 4.794530570507049561e-02
7.827892303466796875e-01 -2.570183575153350830e-02 1.965783953666687012e+00 2.582799270749092102e-02 -1.367918491363525391e+00 1.046887249685823917e-03
7.827892303466796875e-01 -2.570183575153350830e-02 1.219605445861816406e+00 1.876738220453262329e-01 -1.134388566017150879e+00 -1.441149506717920303e-02
-2.884242236614227295e-01 -5.814172029495239258e-01 1.132019639015197754e+00 5.904537066817283630e-02 2.957228124141693115e-01 -6.981809437274932861e-02
-2.884242236614227295e-01 8.078712224960327148e-01 1.227169871330261230e+00 -1.453785300254821777e-01 3.570034205913543701e-01 1.203785911202430725e-01
-2.884242236614227295e-01 -5.814172029495239258e-01 -1.384999752044677734e-01 1.774773299694061279e-01 3.406461179256439209e-01 -9.655150771141052246e-02
-2.884242236614227295e-01 5.300135612487792969e-01 8.987688422203063965e-01 -1.274625509977340698e-01 3.575691580772399902e-01 6.978680938482284546e-02
-2.062085829675197601e-02 8.078712224960327148e-01 2.773662805557250977e-01 -1.819142252206802368e-01 5.150274373590946198e-03 1.251518726348876953e-01
-2.062085829675197601e-02 -5.814172029495239258e-01 -1.805757164955139160e+00 -4.232435952872037888e-03 -4.652535542845726013e-02 -7.942891120910644531e-02
-5.562275648117065430e-01 -8.592748641967773438e-01 1.461843252182006836e-01 1.522017568349838257e-01 6.872409582138061523e-01 -1.308214515447616577e-01
2.471824884414672852e-01 -5.814172029495239258e-01 -9.596800208091735840e-01 1.086787059903144836e-01 -4.717898368835449219e-01 -8.657557517290115356e-02
7.827892303466796875e-01 -8.592748641967773438e-01 1.634126305580139160e+00 1.620158255100250244e-01 -1.339273095130920410e+00 -1.696649193763732910e-01
-2.062085829675197601e-02 2.521558701992034912e-01 -9.298098683357238770e-01 -1.060967966914176941e-01 -3.142146766185760498e-02 2.298292331397533417e-02
5.149858593940734863e-01 -3.035595118999481201e-01 -1.413833796977996826e-01 -1.010018959641456604e-01 -5.775967836380004883e-01 -4.751161858439445496e-02
-8.240308761596679688e-01 5.300135612487792969e-01 -1.189565896987915039e+00 -1.377192437648773193e-01 1.481714487075805664e+00 7.064856588840484619e-02
-5.562275648117065430e-01 -5.814172029495239258e-01 -1.681766510009765625e+00 1.199221536517143250e-01 8.961114883422851562e-01 -8.944985270500183105e-02
7.827892303466796875e-01 -2.570183575153350830e-02 1.780619621276855469e+00 2.606680989265441895e-02 -1.801545739173889160e+00 1.478643342852592468e-02
7.827892303466796875e-01 -2.570183575153350830e-02 1.451439738273620605e+00 -1.753439307212829590e-01 -9.747211933135986328e-01 2.455260138958692551e-03
-5.562275648117065430e-01 -3.035595118999481201e-01 -9.150648117065429688e-01 9.611580520868301392e-02 9.808964133262634277e-01 -6.521449983119964600e-02
7.827892303466796875e-01 2.521558701992034912e-01 1.658357262611389160e+00 6.596707552671432495e-02 -9.341253638267517090e-01 5.601615086197853088e-02
-2.062085829675197601e-02 -2.570183575153350830e-02 9.142504930496215820e-01 1.638450771570205688e-01 2.815596573054790497e-02 -1.446023397147655487e-02
-5.562275648117065430e-01 -8.592748641967773438e-01 1.584323048591613770e-01 1.762745380401611328e-01 6.027433276176452637e-01 -1.913121938705444336e-01
7.827892303466796875e-01 2.521558701992034912e-01 1.399264812469482422e+00 -1.564866304397583008e-01 -1.430944800376892090e+00 2.349422127008438110e-02
2.471824884414672852e-01 -5.814172029495239258e-01 -8.419359922409057617e-01 7.160140201449394226e-03 -3.416483998298645020e-01 -6.720502674579620361e-02
-8.240308761596679688e-01 2.521558701992034912e-01 -9.715475440025329590e-01 5.640532448887825012e-02 1.242992401123046875e+00 5.096456408500671387e-02
-5.562275648117065430e-01 8.078712224960327148e-01 -1.215599894523620605e+00 -1.915276497602462769e-01 7.169731259346008301e-01 1.936233192682266235e-01
-2.062085829675197601e-02 -3.035595118999481201e-01 -1.492272138595581055e+00 -1.702669542282819748e-04 2.669517397880554199e-01 -2.843584492802619934e-02
2.471824884414672852e-01 -3.035595118999481201e-01 1.920708656311035156e+00 6.570671498775482178e-02 -3.248992264270782471e-01 -3.925266489386558533e-02
-2.884242236614227295e-01 -5.814172029495239258e-01 1.697790145874023438e+00 1.930705010890960693e-01 8.517646044492721558e-02 -9.132269769906997681e-02
-2.062085829675197601e-02 8.078712224960327148e-01 -1.705216288566589355e+00 -1.197636723518371582e-01 1.645143479108810425e-01 1.245908960700035095e-01
-8.240308761596679688e-01 -2.570183575153350830e-02 -1.610772848129272461e+00 -1.047637239098548889e-01 1.346786856651306152e+00 -8.925412781536579132e-03
-5.562275648117065430e-01 -2.570183575153350830e-02 -1.022621273994445801e+00 7.838572561740875244e-02 8.417900800704956055e-01 -1.868121139705181122e-02
-2.884242236614227295e-01 -3.035595118999481201e-01 6.850364804267883301e-01 -1.295761913061141968e-01 2.413477003574371338e-01 -2.849246375262737274e-02
-2.062085829675197601e-02 -3.035595118999481201e-01 -1.010248064994812012e+00 1.913837939500808716e-01 2.541425824165344238e-02 -7.159842550754547119e-02
-2.884242236614227295e-01 2.521558701992034912e-01 -9.873436093330383301e-01 -1.336356550455093384e-01 4.562424123287200928e-01 2.678543329238891602e-02
-8.240308761596679688e-01 -8.592748641967773438e-01 -1.122818112373352051e+00 1.959085017442703247e-01 1.095438241958618164e+00 -1.206430271267890930e-01
5.149858593940734863e-01 -8.592748641967773438e-01 1.464930534362792969e+00 1.256885230541229248e-01 -8.027905821800231934e-01 -1.233418956398963928e-01
-2.062085829675197601e-02 5.300135612487792969e-01 -1.311344467103481293e-02 -1.510673314332962036e-01 3.062889678403735161e-03 4.901475086808204651e-02
2.471824884414672852e-01 8.078712224960327148e-01 -7.688293457031250000e-01 -8.761569857597351074e-02 -3.738790452480316162e-01 9.891972690820693970e-02
7.827892303466796875e-01 2.521558701992034912e-01 1.883085727691650391e+00 -6.549233943223953247e-02 -1.234985470771789551e+00 1.703618280589580536e-02
-5.562275648117065430e-01 -5.814172029495239258e-01 -1.473040729761123657e-01 1.259132325649261475e-01 8.317698240280151367e-01 -1.095084771513938904e-01
7.827892303466796875e-01 8.078712224960327148e-01 1.813745975494384766e+00 -1.718708276748657227e-01 -1.428078413009643555e+00 9.621360152959823608e-02
-2.884242236614227295e-01 8.078712224960327148e-01 -5.696275830268859863e-01 -1.761290878057479858e-01 2.520990371704101562e-01 1.935528218746185303e-01
-2.062085829675197601e-02 8.078712224960327148e-01 -1.334687829017639160e+00 -1.806144416332244873e-01 -1.149262636899948120e-01 1.962724626064300537e-01
-2.884242236614227295e-01 -2.570183575153350830e-02 -9.183897376060485840e-01 4.274151474237442017e-02 5.529916286468505859e-01 -1.622061617672443390e-02
7.827892303466796875e-01 -2.570183575153350830e-02 1.211644768714904785e+00 1.472787857055664062e-01 -1.444790124893188477e+00 -6.092734634876251221e-03
5.149858593940734863e-01 -2.570183575153350830e-02 1.556356072425842285e+00 8.311787247657775879e-02 -7.074564695358276367e-01 9.355895454064011574e-04
5.149858593940734863e-01 -3.035595118999481201e-01 1.982284307479858398e+00 -1.159811019897460938e-01 -6.194005608558654785e-01 -1.440268568694591522e-02
-2.062085829675197601e-02 -3.035595118999481201e-01 -1.158208489418029785e+00 1.447540223598480225e-01 1.616021841764450073e-01 -6.522019952535629272e-02
-2.062085829675197601e-02 2.521558701992034912e-01 -1.872739791870117188e+00 -1.464698463678359985e-01 1.316318958997726440e-01 2.625684067606925964e-02
-2.062085829675197601e-02 -5.814172029495239258e-01 1.465550512075424194e-01 1.210225597023963928e-01 1.240364369004964828e-02 -1.101692318916320801e-01
7.827892303466796875e-01 -5.814172029495239258e-01 8.485538959503173828e-01 -2.522614225745201111e-02 -1.065453171730041504e+00 -8.484517037868499756e-02
-2.062085829675197601e-02 -3.035595118999481201e-01 1.082524180412292480e+00 4.575782269239425659e-02 3.066340833902359009e-02 -3.394770249724388123e-02
-5.562275648117065430e-01 -8.592748641967773438e-01 -1.787283539772033691e+00 1.147562488913536072e-01 1.054852366447448730e+00 -1.226234510540962219e-01
-8.240308761596679688e-01 -2.570183575153350830e-02 -1.301177859306335449e+00 -3.197739645838737488e-02 1.097630858421325684e+00 -3.958447836339473724e-03
5.149858593940734863e-01 -3.035595118999481201e-01 1.191438078880310059e+00 -1.836374700069427490e-01 -6.839457154273986816e-01 -6.951157003641128540e-03
2.471824884414672852e-01 -2.570183575153350830e-02 1.561485886573791504e+00 -4.059125483036041260e-02 -1.694827228784561157e-01 1.286361087113618851e-02
2.471824884414672852e-01 8.078712224960327148e-01 1.151590347290039062e+00 -1.144406571984291077e-01 -1.994012147188186646e-01 1.295081526041030884e-01
2.471824884414672852e-01 -2.570183575153350830e-02 1.951008200645446777e+00 6.650526076555252075e-02 -3.325555622577667236e-01 -1.559744868427515030e-02
-2.884242236614227295e-01 -5.814172029495239258e-01 -7.113124728202819824e-01 1.875496059656143188e-01 4.004948139190673828e-01 -1.011997312307357788e-01
7.827892303466796875e-01 -5.814172029495239258e-01 9.506617784500122070e-01 1.771735101938247681e-01 -1.270393967628479004e+00 -1.107054874300956726e-01
-5.562275648117065430e-01 8.078712224960327148e-01 -1.274023294448852539e+00 -1.240967735648155212e-01 7.535047531127929688e-01 1.166939064860343933e-01
-2.884242236614227295e-01 2.521558701992034912e-01 -4.476009309291839600e-01 -1.314862221479415894e-01 3.747765421867370605e-01 4.432607442140579224e-02
2.471824884414672852e-01 5.300135612487792969e-01 1.323675513267517090e+00 6.181055307388305664e-02 -3.433049619197845459e-01 6.523662060499191284e-02
-8.240308761596679688e-01 -3.035595118999481201e-01 -1.730804443359375000e+00 -5.859014764428138733e-02 1.181663393974304199e+00 -5.313328281044960022e-02
5.149858593940734863e-01 -8.592748641967773438e-01 -2.247488498687744141e-02 1.132025942206382751e-01 -9.094882607460021973e-01 -1.557783931493759155e-01
7.827892303466796875e-01 2.521558701992034912e-01 9.364065527915954590e-01 -1.230816319584846497e-01 -9.090760946273803711e-01 2.151680923998355865e-02
-2.062085829675197601e-02 -5.814172029495239258e-01 1.111900448799133301e+00 -5.219861119985580444e-02 1.881918311119079590e-02 -5.560696870088577271e-02
2.471824884414672852e-01 8.078712224960327148e-01 -6.406620144844055176e-01 -1.619458198547363281e-01 -3.528390526771545410e-01 9.643918275833129883e-02
-2.884242236614227295e-01 -2.570183575153350830e-02 -1.665643930435180664e+00 1.415577828884124756e-01 4.522665143013000488e-01 4.605547059327363968e-03
5.149858593940734863e-01 8.078712224960327148e-01 4.999483525753021240e-01 -9.736189246177673340e-02 -5.464529991149902344e-01 1.188151314854621887e-01
7.827892303466796875e-01 -3.035595118999481201e-01 1.288105726242065430e+00 -9.810547344386577606e-03 -1.102113723754882812e+00 -4.992752522230148315e-02
-5.562275648117065430e-01 5.300135612487792969e-01 3.800670802593231201e-01 -1.287831813097000122e-01 7.921497821807861328e-01 6.998606771230697632e-02
-5.562275648117065430e-01 8.078712224960327148e-01 -1.166584253311157227e+00 -1.915021240711212158e-01 8.609741330146789551e-01 1.148144304752349854e-01
-8.240308761596679688e-01 8.078712224960327148e-01 -1.887289881706237793e+00 -1.377893835306167603e-01 1.157301545143127441e+00 1.386525630950927734e-01
-2.062085829675197601e-02 -3.035595118999481201e-01 -1.801501631736755371e+00 7.968419231474399567e-03 3.039672672748565674e-01 -5.467788875102996826e-02
2.471824884414672852e-01 -5.814172029495239258e-01 1.494197845458984375e+00 3.426561877131462097e-02 -1.626176536083221436e-01 -6.500785052776336670e-02
2.471824884414672852e-01 -2.570183575153350830e-02 1.982515692710876465e+00 -1.782503128051757812e-01 -3.876718282699584961e-01 3.080490278080105782e-03
7.827892303466796875e-01 5.300135612487792969e-01 1.868477344512939453e+00 -1.481100469827651978e-01 -1.689686536788940430e+00 6.848807632923126221e-02
7.827892303466796875e-01 2.521558701992034912e-01 8.610351085662841797e-01 7.641968876123428345e-02 -1.192983508110046387e+00 4.594013467431068420e-02
-8.240308761596679688e-01 -2.570183575153350830e-02 -6.614009737968444824e-01 1.776150315999984741e-01 1.247966051101684570e+00 -3.415055340155959129e-03
7.827892303466796875e-01 5.300135612487792969e-01 1.051375865936279297e+00 -1.655636131763458252e-01 -1.151402950286865234e+00 6.522136926651000977e-02
-2.062085829675197601e-02 -2.570183575153350830e-02 1.435242414474487305e+00 2.692982181906700134e-02 3.569615632295608521e-02 -6.492124521173536777e-04
-2.062085829675197601e-02 -5.814172029495239258e-01 7.260230779647827148e-01 -1.126030646264553070e-02 -6.153643876314163208e-02 -7.644006609916687012e-02
-2.062085829675197601e-02 -8.592748641967773438e-01 -1.782366514205932617e+00 4.319109022617340088e-02 -5.389675498008728027e-02 -1.168999001383781433e-01
5.149858593940734863e-01 -8.592748641967773438e-01 -2.132571339607238770e-01 1.698658317327499390e-01 -7.607856392860412598e-01 -1.258550435304641724e-01
-8.240308761596679688e-01 8.078712224960327148e-01 -6.788676381111145020e-01 -1.526322215795516968e-01 1.334187388420104980e+00 1.121911257505416870e-01
5.149858593940734863e-01 2.521558701992034912e-01 7.775232791900634766e-01 9.855131059885025024e-02 -5.657863020896911621e-01 3.403827548027038574e-02
-2.062085829675197601e-02 -8.592748641967773438e-01 -1.159543037414550781e+00 1.487745940685272217e-01 4.474894702434539795e-02 -1.186984255909919739e-01
5.149858593940734863e-01 8.078712224960327148e-01 1.060018166899681091e-01 -1.365424245595932007e-01 -8.093936443328857422e-01 9.556777030229568481e-02
-2.884242236614227295e-01 -3.035595118999481201e-01 -1.084020733833312988e+00 -4.828707873821258545e-02 3.366792500019073486e-01 -3.328210860490798950e-02
-8.240308761596679688e-01 -3.035595118999481201e-01 -1.917071461677551270e+00 -6.796487420797348022e-02 1.503736615180969238e+00 -2.959379181265830994e-02
-5.562275648117065430e-01 8.078712224960327148e-01 -1.353647232055664062e+00 -1.115868538618087769e-01 7.802833914756774902e-01 1.033778116106987000e-01
2.471824884414672852e-01 5.300135612487792969e-01 -9.219551086425781250e-01 -2.771041728556156158e-02 -2.733244001865386963e-01 7.611619681119918823e-02
-8.240308761596679688e-01 5.300135612487792969e-01 -1.405373692512512207e+00 -8.857840299606323242e-02 1.343561410903930664e+00 6.995893269777297974e-02
7.827892303466796875e-01 -2.570183575153350830e-02 1.097141623497009277e+00 1.544369310140609741e-01 -1.161877870559692383e+00 5.816727411001920700e-03
5.149858593940734863e-01 -8.592748641967773438e-01 5.650840997695922852e-01 1.772946119308471680e-01 -7.971521019935607910e-01 -1.705224364995956421e-01
2.471824884414672852e-01 2.521558701992034912e-01 -3.920585811138153076e-01 -1.493807584047317505e-01 -3.401357233524322510e-01 2.167788520455360413e-02
2.471824884414672852e-01 -3.035595118999481201e-01 1.224381804466247559e+00 -1.223050430417060852e-01 -2.367607206106185913e-01 -2.357760630548000336e-02
-2.884242236614227295e-01 8.078712224960327148e-01 -1.416084408760070801e+00 -1.192367672920227051e-01 3.670607209205627441e-01 1.128303706645965576e-01
-2.062085829675197601e-02 -5.814172029495239258e-01 -2.672847807407379150e-01 1.325893700122833252e-01 9.846832603216171265e-02 -7.794622331857681274e-02
-8.240308761596679688e-01 -8.592748641967773438e-01 -1.034618496894836426e+00 1.567047387361526489e-01 1.435128688812255859e+00 -1.524787992238998413e-01
7.827892303466796875e-01 -8.592748641967773438e-01 1.450583338737487793e+00 1.006602942943572998e-01 -1.690366864204406738e+00 -1.202532500028610229e-01
-2.062085829675197601e-02 -2.570183575153350830e-02 8.025492429733276367e-01 9.962427616119384766e-02 -8.024391531944274902e-02 2.255857735872268677e-02
-8.240308761596679688e-01 -3.035595118999481201e-01 -1.495009183883666992e+00 4.680275171995162964e-02 1.176351666450500488e+00 -5.231281742453575134e-02
2.471824884414672852e-01 2.521558701992034912e-01 -6.990475058555603027e-01 -1.772914379835128784e-01 -2.484582662582397461e-01 1.351529639214277267e-02
5.149858593940734863e-01 -5.814172029495239258e-01 1.015760079026222229e-01 1.236954107880592346e-01 -6.572648882865905762e-01 -7.558595389127731323e-02
-2.884242236614227295e-01 8.078712224960327148e-01 -7.210338115692138672e-01 -1.129402890801429749e-01 5.667621493339538574e-01 1.440282911062240601e-01
7.827892303466796875e-01 -5.814172029495239258e-01 7.427796721458435059e-01 1.332072466611862183e-01 -9.393458366394042969e-01 -8.904610574245452881e-02
2.471824884414672852e-01 -8.592748641967773438e-01 1.528403639793395996e+00 1.706847697496414185e-01 -3.512153029441833496e-01 -1.884877830743789673e-01
-2.884242236614227295e-01 -8.592748641967773438e-01 -1.884309768676757812e+00 1.439710408449172974e-01 5.310079455375671387e-01 -1.777712553739547729e-01
-2.884242236614227295e-01 -8.592748641967773438e-01 -4.955260157585144043e-01 1.614879965782165527e-01 5.436689257621765137e-01 -1.735984981060028076e-01
-2.062085829675197601e-02 8.078712224960327148e-01 1.097033739089965820e+00 -1.702297329902648926e-01 4.778171703219413757e-02 1.385951638221740723e-01
-2.062085829675197601e-02 -2.570183575153350830e-02 -2.896772027015686035e-01 1.170464977622032166e-01 -9.338061511516571045e-02 -2.361244894564151764e-02
-8.240308761596679688e-01 -5.814172029495239258e-01 -1.158713698387145996e+00 -3.231753781437873840e-02 1.340150117874145508e+00 -7.455919682979583740e-02
5.149858593940734863e-01 5.300135612487792969e-01 7.392353415489196777e-01 -2.564305253326892853e-02 -8.261381983757019043e-01 8.553169667720794678e-02
7.827892303466796875e-01 -2.570183575153350830e-02 1.743200063705444336e+00 -4.554789513349533081e-02 -1.410122871398925781e+00 5.977509543299674988e-03
