0.000000000000000000e+00 1.000000000000000000e+00 2.287350184342905379e+00 -1.430494268117683809e+01 1.637785221030672034e-01 6.919733274456378425e+00
1.000000000000000000e+00 3.000000000000000000e+00 1.946795062182275160e+00 -1.448516286048493384e+01 -2.903283121289454982e-01 1.675303739488735744e+01
2.000000000000000000e+00 2.000000000000000000e+00 3.887128923109163914e+00 -7.653722881577181170e+00 -1.320666854561516779e+00 1.129767963157008381e+01
3.000000000000000000e+00 2.000000000000000000e+00 3.792290186016839648e+00 -2.475978019531961394e+00 -2.487938168243267079e+00 1.291225031348110619e+01
-3.000000000000000000e+00 3.000000000000000000e+00 1.741760265649785477e+00 -1.398999788900703045e+01 2.205753758730359504e+00 1.794015283884319700e+01
1.000000000000000000e+00 -2.000000000000000000e+00 2.979269847287818962e+00 2.228629582295432954e+00 -6.099372364663482315e-01 -1.391870872995602681e+01
0.000000000000000000e+00 0.000000000000000000e+00 3.411136942983437059e+00 8.844090266899467423e+00 9.252481613095975277e-02 1.745815847084063677e+00
-2.000000000000000000e+00 0.000000000000000000e+00 1.531994189438692811e+00 1.761461986638039434e+00 1.128124316432836061e+00 3.885995583591039804e-02
1.000000000000000000e+00 2.000000000000000000e+00 2.140661617024117724e+00 -1.395286982318122782e+01 -7.967678879200672526e-01 1.014480337640418028e+01
-2.000000000000000000e+00 1.000000000000000000e+00 2.275535134655180869e+00 -1.213873149818522990e+01 1.204262469703822447e+00 5.648106921863393026e+00
1.000000000000000000e+00 -1.000000000000000000e+00 2.123264044978795173e+00 6.453758357459822292e+00 -8.574181589452725127e-01 -5.556867259393511560e+00
0.000000000000000000e+00 1.000000000000000000e+00 2.230094319298911998e+00 -7.526113328386845325e-01 2.241864552605097316e-01 6.216193321324039900e+00
0.000000000000000000e+00 3.000000000000000000e+00 3.821837560190128436e+00 -1.307473176074674548e+01 1.548787151728356903e-01 1.667867983107189644e+01
-3.000000000000000000e+00 1.000000000000000000e+00 1.102356287700879456e+00 -1.916706900958574877e+00 1.579939285296557472e+00 9.886024513927980095e+00
-3.000000000000000000e+00 2.000000000000000000e+00 1.259790305174425473e+00 -2.123735949607931772e+00 2.235400544521595201e+00 1.400641221701489947e+01
-2.000000000000000000e+00 2.000000000000000000e+00 1.196394219725836372e+00 -8.552313270660519606e+00 1.006334733462741937e+00 1.214704393676551319e+01
3.000000000000000000e+00 2.000000000000000000e+00 3.190713606229381494e+00 4.201040894420629002e-01 -2.067754864841846896e+00 1.217894948509448483e+01
-3.000000000000000000e+00 3.000000000000000000e+00 1.444011003415913041e+00 -1.038184127565470760e+01 1.880562964189972597e+00 1.619485386764528556e+01
-2.000000000000000000e+00 1.000000000000000000e+00 1.400326590600243559e+00 -6.368238316280484312e+00 1.085649065899195076e+00 3.190609722552364858e+00
0.000000000000000000e+00 0.000000000000000000e+00 1.370510497974420705e+00 -1.009376768150607262e+01 -2.200801966498471263e-01 1.814692293308073801e+00
-1.000000000000000000e+00 0.000000000000000000e+00 1.400877271034234095e+00 1.184325199336293721e+01 9.588980993949953735e-01 2.490431839432901029e+00
-3.000000000000000000e+00 -1.000000000000000000e+00 1.144796406837287339e+00 2.583465897021426372e-01 2.136470545215782835e+00 -2.545531752371275047e+00
3.000000000000000000e+00 3.000000000000000000e+00 2.912291242284034354e+00 -1.347956772749008003e+01 -1.593395355872812447e+00 1.629599332431752856e+01
0.000000000000000000e+00 -1.000000000000000000e+00 1.742410240172183045e+00 9.112899458912622208e+00 7.754117206089672365e-02 -3.721912743856428563e+00
0.000000000000000000e+00 -3.000000000000000000e+00 1.639060637061138248e+00 1.243341231579908523e+01 1.735446200466885802e-01 -2.619545095099805110e+01
2.000000000000000000e+00 -3.000000000000000000e+00 2.686676245294278953e+00 1.246174826936507074e+01 -1.245177096364817659e+00 -1.850727450348628977e+01
-1.000000000000000000e+00 -1.000000000000000000e+00 2.165319992244437053e+00 -1.303410776935116644e-01 7.651066365600116548e-01 -4.312075177887413346e+00
0.000000000000000000e+00 1.000000000000000000e+00 2.785733409979242126e+00 6.628826213653397303e+00 -1.062593573351655607e-02 5.365408120194505415e+00
-3.000000000000000000e+00 -2.000000000000000000e+00 1.713358273967729994e+00 2.131976404081264320e+00 2.113324131611396872e+00 -1.200832257041944651e+01
-3.000000000000000000e+00 2.000000000000000000e+00 1.756180802298401122e+00 -6.069128514590474310e+00 1.992363232423295383e+00 1.273946425346888844e+01
0.000000000000000000e+00 2.000000000000000000e+00 1.953095225475488750e+00 -3.152293404846401970e+00 -1.270724817998623024e-01 1.066704919715512823e+01
-3.000000000000000000e+00 1.000000000000000000e+00 1.366347521603301418e+00 4.298662539079739275e+00 1.535995447135545033e+00 5.651230767247028552e+00
-3.000000000000000000e+00 -2.000000000000000000e+00 1.565054203757422879e+00 8.805286291384145869e+00 1.798148675471115343e+00 -1.121860902107759550e+01
1.000000000000000000e+00 3.000000000000000000e+00 1.597875271682613674e+00 -1.207811553749415978e+01 -3.022452523153669190e-01 2.184771160532053358e+01
1.000000000000000000e+00 -2.000000000000000000e+00 2.186780105234855220e+00 1.271330584583107992e+01 -7.448958796381475178e-01 -1.001399227742614428e+01
1.000000000000000000e+00 0.000000000000000000e+00 3.729011085770301825e+00 5.809525041479620455e+00 -2.950261755573140299e-01 -2.422943701973267139e+00
2.000000000000000000e+00 1.000000000000000000e+00 3.413522401468062295e+00 -6.887677754383432216e-01 -1.462823288620778373e+00 9.296348004729736658e+00
3.000000000000000000e+00 -1.000000000000000000e+00 3.688401039689220173e+00 1.218220924542203676e+01 -1.871456703103561381e+00 -9.390168652286696727e+00
1.000000000000000000e+00 0.000000000000000000e+00 2.835993748545017290e+00 1.149015478649412714e+01 -3.277350225692243768e-01 -1.819738593603499766e+00
1.000000000000000000e+00 -1.000000000000000000e+00 3.506718218299248235e+00 1.471244367643985385e+01 -6.547015485516882727e-01 -4.378802949960800106e+00
0.000000000000000000e+00 -1.000000000000000000e+00 2.361088504091556128e+00 2.045024827745912432e+00 -2.034777731221071306e-02 -8.709773242964296003e+00
2.000000000000000000e+00 0.000000000000000000e+00 3.917582496299985895e+00 -7.810870741648566984e+00 -1.294737809114981264e+00 5.051748798308643984e-01
-2.000000000000000000e+00 1.000000000000000000e+00 2.052959379502010684e+00 -1.300726321656181383e+01 1.325045780620703439e+00 6.678097430106150867e+00
0.000000000000000000e+00 2.000000000000000000e+00 2.330872175263189128e+00 -4.756946089966131552e+00 7.447961118456047913e-02 1.425637145674583550e+01
-1.000000000000000000e+00 1.000000000000000000e+00 1.095971581386365745e+00 -1.907708655019153099e+00 5.737040636983719022e-01 8.727132271381691453e+00
-3.000000000000000000e+00 1.000000000000000000e+00 1.455480725806020725e+00 -6.544240936732332869e-01 1.910095387693732327e+00 8.412303450123749471e+00
2.000000000000000000e+00 -3.000000000000000000e+00 2.899660650680509377e+00 3.317862883662233031e+00 -1.272779336583793608e+00 -1.532998099468638031e+01
3.000000000000000000e+00 -2.000000000000000000e+00 3.272307526733993832e+00 6.062405863135140294e+00 -1.751149251821494612e+00 -1.204929603798327520e+01
-3.000000000000000000e+00 2.000000000000000000e+00 1.599979500530334331e+00 -2.203353656270275351e+00 1.780665005222211050e+00 1.173520274635091987e+01
3.000000000000000000e+00 0.000000000000000000e+00 3.411896391969923226e+00 9.205017909382288366e+00 -1.992931339923762257e+00 1.208731271339921420e+00
0.000000000000000000e+00 3.000000000000000000e+00 1.290504591853280036e+00 -1.311884020420383479e+01 -2.111907743784482427e-01 1.601765542421826538e+01
-1.000000000000000000e+00 0.000000000000000000e+00 1.663035632392150909e+00 -9.813935339029709937e+00 7.060650227794766920e-01 -6.633425930302117024e-01
-1.000000000000000000e+00 3.000000000000000000e+00 2.817474667653545595e+00 -1.259770220641048155e+01 5.265800177775936675e-01 2.143358777036315033e+01
2.000000000000000000e+00 -2.000000000000000000e+00 2.994548452751468304e+00 2.922415404718712750e+00 -1.390924707926018744e+00 -1.297340529832004030e+01
2.000000000000000000e+00 1.000000000000000000e+00 3.721707471665656186e+00 -6.976793633544540185e+00 -1.389864647101941575e+00 6.139660641577076916e+00
-1.000000000000000000e+00 1.000000000000000000e+00 2.108938622281460340e+00 4.877445748732213815e+00 4.833431249249304784e-01 9.963010549165534968e+00
-3.000000000000000000e+00 -1.000000000000000000e+00 1.298439190118518383e+00 4.810849018438926095e+00 2.474448280825665591e+00 -5.107980803487256694e+00
-2.000000000000000000e+00 0.000000000000000000e+00 1.334485941824145261e+00 -1.193356253727880301e+01 1.011337847693489334e+00 2.442081273303699618e+00
-3.000000000000000000e+00 0.000000000000000000e+00 1.372597509996041243e+00 1.230956371959774387e+01 2.064984504321103920e+00 -1.419486302738864225e+00
0.000000000000000000e+00 -2.000000000000000000e+00 2.891121706162838034e+00 -3.324738594510616707e-01 1.431939914096176381e-01 -1.296781260409077596e+01
1.000000000000000000e+00 -1.000000000000000000e+00 3.793627504821015517e+00 -2.283814365846000172e+00 -9.949367182542183663e-01 -8.494048735820582507e+00
-1.000000000000000000e+00 1.000000000000000000e+00 2.812256663507200383e+00 1.148128705669935812e+01 9.936172468524389068e-01 3.209950363081787827e+00
-1.000000000000000000e+00 -1.000000000000000000e+00 2.246999000299893190e+00 1.108326912756478322e+00 6.832405274205886059e-01 -9.444392510241243599e+00
-1.000000000000000000e+00 -1.000000000000000000e+00 3.107067418565071737e+00 1.352203239319323558e+01 6.740402632030262353e-01 -4.681402097682685337e+00
1.000000000000000000e+00 -1.000000000000000000e+00 3.188099107868701765e+00 -2.518201616689502487e+00 -2.508291006087626229e-01 -4.497103376378895234e+00
1.000000000000000000e+00 1.000000000000000000e+00 3.778303809560529913e+00 -2.616038530923859184e+00 -4.454846619929369034e-01 5.399544654985472647e+00
1.000000000000000000e+00 1.000000000000000000e+00 3.170750549821928388e+00 -9.455850668044725182e-01 -2.537599991271037858e-01 2.881298334533301642e+00
1.000000000000000000e+00 1.000000000000000000e+00 3.041669378749911168e+00 9.092249918740442638e+00 -2.951919543365080223e-01 5.436836579050730478e+00
1.000000000000000000e+00 -3.000000000000000000e+00 3.334367867692749510e+00 1.204888062171179541e+01 -7.085469559054726751e-01 -2.584502078256987545e+01
1.000000000000000000e+00 3.000000000000000000e+00 3.701035792599373764e+00 -6.961270880758370083e+00 -6.121391477060607045e-01 1.962830188895522454e+01
-1.000000000000000000e+00 1.000000000000000000e+00 2.538239642300005094e+00 -9.630854274534764059e+00 6.446177882380408342e-01 2.895391059414704316e+00
0.000000000000000000e+00 3.000000000000000000e+00 3.983083092588320717e+00 -1.107352094845963997e+01 1.278036225044409946e-02 1.808969569122954368e+01
0.000000000000000000e+00 -3.000000000000000000e+00 3.624046467152165718e+00 6.042136008954194892e+00 -1.967112682937890433e-01 -1.763120208771122677e+01
1.000000000000000000e+00 -1.000000000000000000e+00 2.950721803625335760e+00 -8.191820753934017318e+00 -9.002970482809948827e-01 -6.551495357585041646e+00
0.000000000000000000e+00 -1.000000000000000000e+00 3.494182115971764091e+00 2.426718711412998886e+00 1.959713906651714410e-01 -2.582697744899862258e+00
3.000000000000000000e+00 -1.000000000000000000e+00 3.314816075483613123e+00 1.160197722397647979e+01 -1.527235303129050870e+00 -4.330598773394431333e+00
3.000000000000000000e+00 1.000000000000000000e+00 3.625099715909812392e+00 6.232797975237364341e+00 -2.347022173771518894e+00 8.751026902601108048e+00
-2.000000000000000000e+00 -1.000000000000000000e+00 1.238041526019558969e+00 1.466665836085580921e+01 1.454330687895385221e+00 -6.289563624383852414e+00
1.000000000000000000e+00 2.000000000000000000e+00 1.566168967752424201e+00 7.852666935883600985e-01 -3.621621990308976358e-01 1.005173616562789185e+01
-1.000000000000000000e+00 -1.000000000000000000e+00 2.355558834955953529e+00 -3.716100733920622901e+00 9.754358120832167245e-01 -4.830129581053586918e+00
-1.000000000000000000e+00 -1.000000000000000000e+00 2.921491281709016619e+00 1.389506701246499887e+01 2.884542580410789370e-01 -5.452405176541514464e+00
3.000000000000000000e+00 2.000000000000000000e+00 3.542741658367201119e+00 2.736009760489679365e-01 -2.411931309429786285e+00 1.103087577139293884e+01
-1.000000000000000000e+00 0.000000000000000000e+00 1.592411372957919902e+00 3.127613482794998845e+00 2.718555458269922287e-01 -8.533611838559025387e-01
-2.000000000000000000e+00 3.000000000000000000e+00 2.018843372587271645e+00 -3.902293326444484123e+00 1.462783967238576732e+00 1.643816022160780932e+01
1.000000000000000000e+00 -1.000000000000000000e+00 3.274346446198046046e+00 3.972981916821126447e+00 -9.893321255846734275e-01 -6.311227670991772953e+00
0.000000000000000000e+00 -3.000000000000000000e+00 1.029728037753185887e+00 7.833997406463417690e+00 1.417089600802774463e-01 -2.222705952926683537e+01
0.000000000000000000e+00 1.000000000000000000e+00 2.283927094236070765e+00 -1.470084142533493399e+01 1.412102034436513165e-01 6.431875323933766708e+00
-1.000000000000000000e+00 3.000000000000000000e+00 2.918578586304952260e+00 -2.306079773080586648e+00 3.714382539508473968e-01 1.507545963651532972e+01
-3.000000000000000000e+00 1.000000000000000000e+00 2.044312951668510792e+00 -1.150585960801487140e+01 1.555555997085014130e+00 9.278983892026152702e+00
0.000000000000000000e+00 1.000000000000000000e+00 3.033679893490589308e+00 -1.156609210967298118e+01 -1.670842628905218064e-01 4.889881167182752009e+00
3.000000000000000000e+00 1.000000000000000000e+00 3.723446399712337040e+00 -1.554656868840202932e+00 -2.675104027204047163e+00 3.108651665414724263e+00
-1.000000000000000000e+00 -2.000000000000000000e+00 3.439605848568121349e+00 9.724232999232643948e+00 4.275412423112614491e-01 -1.322203060171666067e+01
-1.000000000000000000e+00 -3.000000000000000000e+00 2.915289860879764827e+00 9.706071954611310559e+00 5.565525749153659163e-01 -1.714056020738492236e+01
3.000000000000000000e+00 1.000000000000000000e+00 2.918665564170656701e+00 5.495175203502931538e+00 -1.613656692824338990e+00 4.442813343845202212e+00
0.000000000000000000e+00 2.000000000000000000e+00 1.258781298468044874e+00 -4.183011199821486059e+00 -1.793961981543823470e-01 1.311307729906557995e+01
-3.000000000000000000e+00 0.000000000000000000e+00 2.084320897036401554e+00 2.353616306556915561e+00 1.675080450829774747e+00 1.500887471034637599e+00
-1.000000000000000000e+00 2.000000000000000000e+00 1.517156430797824029e+00 -8.698848843029431066e+00 2.567351691820940474e-01 1.021113272274102002e+01
-3.000000000000000000e+00 -1.000000000000000000e+00 1.566592180981812632e+00 3.496701886482419752e+00 1.882163733603242406e+00 -4.214990155887964107e+00
0.000000000000000000e+00 -3.000000000000000000e+00 2.325717284637914606e+00 9.473900047835329019e+00 -1.718206521839413803e-01 -1.841113417766003835e+01
0.000000000000000000e+00 0.000000000000000000e+00 2.402439960505167171e+00 -4.676555354315638624e+00 1.569593403218947358e-01 4.730463276303709108e-02
