-2.985554933547973633e-01 5.557171106338500977e-01 -7.402266263961791992e-01 -1.920257359743118286e-01 4.149517714977264404e-01 7.649313658475875854e-02
-2.985554933547973633e-01 -8.225495219230651855e-01 -1.883383274078369141e+00 9.542856365442276001e-02 6.684028506278991699e-01 -1.027516573667526245e-01
2.393823266029357910e-01 -5.468961596488952637e-01 -5.268175005912780762e-01 1.148103997111320496e-01 -5.315494537353515625e-01 -7.150791585445404053e-02
7.773202061653137207e-01 -5.468961596488952637e-01 1.730138421058654785e+00 1.638859212398529053e-01 -1.466620445251464844e+00 -8.497728407382965088e-02
-8.364933133125305176e-01 -8.225495219230651855e-01 -1.552757382392883301e+00 1.783923357725143433e-01 1.301304459571838379e+00 -1.360639780759811401e-01
7.773202061653137207e-01 -8.225495219230651855e-01 1.590121507644653320e+00 1.181133016943931580e-01 -9.669979810714721680e-01 -1.131271198391914368e-01
-2.958658151328563690e-02 -5.468961596488952637e-01 -1.105705142021179199e+00 5.541905760765075684e-02 -2.569596469402313232e-01 -9.648477286100387573e-02
-8.364933133125305176e-01 -2.712428867816925049e-01 -1.566748619079589844e+00 -1.493193358182907104e-01 1.383397459983825684e+00 -1.261631771922111511e-02
-5.675243735313415527e-01 4.410453140735626221e-03 -1.586716532707214355e+00 -6.212187930941581726e-02 1.100269675254821777e+00 7.087715435773134232e-03
-2.985554933547973633e-01 -5.468961596488952637e-01 5.655996799468994141e-01 1.280588358640670776e-01 5.141794681549072266e-01 -9.185921400785446167e-02
-5.675243735313415527e-01 -2.712428867816925049e-01 -8.142057657241821289e-01 1.468673795461654663e-01 1.010720133781433105e+00 -2.940259315073490143e-02
-2.958658151328563690e-02 -5.468961596488952637e-01 -2.046530246734619141e-01 1.611023023724555969e-02 -1.587722301483154297e-01 -9.395267069339752197e-02
-5.675243735313415527e-01 2.800637781620025635e-01 -1.134366750717163086e+00 -1.483392715454101562e-01 8.821246027946472168e-01 2.125706709921360016e-02
5.083512663841247559e-01 4.410453140735626221e-03 1.540707707405090332e+00 1.112867817282676697e-01 -5.017930269241333008e-01 -5.521130748093128204e-03
-2.985554933547973633e-01 -5.468961596488952637e-01 -1.727156281471252441e+00 1.891500055789947510e-01 6.679096221923828125e-01 -7.685397565364837646e-02
5.083512663841247559e-01 -8.225495219230651855e-01 -2.104330360889434814e-01 1.420362442731857300e-01 -8.112273812294006348e-01 -1.188405305147171021e-01
-8.364933133125305176e-01 4.410453140735626221e-03 -1.009601712226867676e+00 9.692403674125671387e-02 1.341838002204895020e+00 -1.292930543422698975e-02
-2.985554933547973633e-01 -8.225495219230651855e-01 -1.005367994308471680e+00 3.870153427124023438e-02 4.373557567596435547e-01 -1.137220039963722229e-01
-5.675243735313415527e-01 5.557171106338500977e-01 -1.103680968284606934e+00 -8.765639737248420715e-03 8.234179019927978516e-01 6.365846842527389526e-02
-2.958658151328563690e-02 -2.712428867816925049e-01 9.219335913658142090e-01 -1.145863998681306839e-02 1.577743515372276306e-02 -2.312415465712547302e-02
-8.364933133125305176e-01 2.800637781620025635e-01 -5.128251910209655762e-01 3.703660890460014343e-02 1.147243022918701172e+00 4.703586176037788391e-02
-8.364933133125305176e-01 2.800637781620025635e-01 -1.872580528259277344e+00 -1.227123662829399109e-01 1.973389148712158203e+00 1.955996640026569366e-02
2.393823266029357910e-01 -5.468961596488952637e-01 1.484167695045471191e+00 9.471352398395538330e-02 -1.256676912307739258e-01 -8.239082247018814087e-02
-2.958658151328563690e-02 5.557171106338500977e-01 -6.560559868812561035e-01 -2.201430499553680420e-02 2.068658769130706787e-01 7.822332531213760376e-02
5.083512663841247559e-01 4.410453140735626221e-03 5.561307072639465332e-01 6.558224558830261230e-02 -5.616048574447631836e-01 -6.306408322416245937e-04
-5.675243735313415527e-01 4.410453140735626221e-03 -2.948266863822937012e-01 9.740926325321197510e-02 5.975709557533264160e-01 -5.006089340895414352e-03
-5.675243735313415527e-01 -2.712428867816925049e-01 -9.065366983413696289e-01 -1.962960325181484222e-02 8.876994848251342773e-01 -1.297649182379245758e-02
5.083512663841247559e-01 -5.468961596488952637e-01 1.838312387466430664e+00 -3.797377645969390869e-02 -4.748368859291076660e-01 -7.681529223918914795e-02
5.083512663841247559e-01 -5.468961596488952637e-01 6.080904603004455566e-01 2.083709259750321507e-04 -7.324973344802856445e-01 -7.497882097959518433e-02
5.083512663841247559e-01 -8.225495219230651855e-01 3.082469999790191650e-01 1.375956088304519653e-01 -6.953189969062805176e-01 -1.262360215187072754e-01
5.083512663841247559e-01 4.410453140735626221e-03 1.069828271865844727e+00 1.549326181411743164e-01 -5.194287896156311035e-01 2.271504327654838562e-02
7.773202061653137207e-01 4.410453140735626221e-03 1.626686453819274902e+00 1.546461582183837891e-01 -1.718911290168762207e+00 1.215917058289051056e-02
-5.675243735313415527e-01 4.410453140735626221e-03 8.312709927558898926e-01 -1.428382694721221924e-01 5.533123612403869629e-01 1.482053721701959148e-05
-8.364933133125305176e-01 4.410453140735626221e-03 -4.361009597778320312e-01 8.340215682983398438e-02 1.127225756645202637e+00 -2.946107815660070628e-05
-5.675243735313415527e-01 -5.468961596488952637e-01 -2.967200577259063721e-01 6.337913125753402710e-02 9.805251955986022949e-01 -6.125259771943092346e-02
5.083512663841247559e-01 -8.225495219230651855e-01 1.460941553115844727e+00 1.484499871730804443e-01 -8.025412559509277344e-01 -1.613550931215286255e-01
-2.958658151328563690e-02 8.313704133033752441e-01 -1.292194724082946777e+00 -1.801458150148391724e-01 -1.694584488868713379e-01 1.338509470224380493e-01
-2.985554933547973633e-01 -2.712428867816925049e-01 -6.206328868865966797e-01 -1.908272504806518555e-02 2.747354209423065186e-01 -2.358257025480270386e-02
-2.985554933547973633e-01 2.800637781620025635e-01 -9.793510437011718750e-01 -1.771445125341415405e-01 3.362967371940612793e-01 3.790060430765151978e-02
7.773202061653137207e-01 4.410453140735626221e-03 1.820129156112670898e+00 1.082786358892917633e-02 -9.280868768692016602e-01 1.237307209521532059e-02
-2.985554933547973633e-01 4.410453140735626221e-03 -4.864802956581115723e-01 1.557497978210449219e-01 3.827187716960906982e-01 1.950307749211788177e-02
-2.985554933547973633e-01 2.800637781620025635e-01 -1.225707054138183594e+00 -1.376868784427642822e-02 3.108281493186950684e-01 5.284482985734939575e-02
5.083512663841247559e-01 -2.712428867816925049e-01 4.206279218196868896e-01 3.871728479862213135e-02 -6.279811263084411621e-01 -2.286858484148979187e-02
-2.985554933547973633e-01 8.313704133033752441e-01 -2.238570004701614380e-01 -9.110271930694580078e-02 5.429090261459350586e-01 1.102083101868629456e-01
5.083512663841247559e-01 -2.712428867816925049e-01 8.735594749450683594e-01 -3.546838648617267609e-03 -7.117069363594055176e-01 -4.990756884217262268e-02
-2.985554933547973633e-01 -8.225495219230651855e-01 -1.952645182609558105e+00 1.377299278974533081e-01 3.917801380157470703e-01 -1.184048280119895935e-01
2.393823266029357910e-01 -8.225495219230651855e-01 6.089643836021423340e-01 1.206872016191482544e-01 -2.458897382020950317e-01 -1.506935060024261475e-01
-5.675243735313415527e-01 4.410453140735626221e-03 -1.379997968673706055e+00 -5.699840560555458069e-02 9.855737090110778809e-01 3.621623152866959572e-03
2.393823266029357910e-01 2.800637781620025635e-01 -3.884934633970260620e-02 -5.089134350419044495e-02 -3.250271379947662354e-01 2.989875338971614838e-02
-5.675243735313415527e-01 2.800637781620025635e-01 -3.972779512405395508e-01 8.465729653835296631e-02 7.944096922874450684e-01 5.334905534982681274e-02
7.773202061653137207e-01 5.557171106338500977e-01 1.551033973693847656e+00 -1.243983861058950424e-02 -1.448928117752075195e+00 9.804556518793106079e-02
-2.985554933547973633e-01 4.410453140735626221e-03 -1.718901991844177246e+00 -8.312014490365982056e-02 6.249459981918334961e-01 -3.104512579739093781e-03
7.773202061653137207e-01 -2.712428867816925049e-01 1.089799761772155762e+00 1.381658911705017090e-01 -1.416122674942016602e+00 -5.658222362399101257e-02
2.393823266029357910e-01 8.313704133033752441e-01 1.834352135658264160e+00 -1.206362023949623108e-01 -1.361725926399230957e-01 1.267957687377929688e-01
-8.364933133125305176e-01 -8.225495219230651855e-01 -1.075134158134460449e+00 1.802735626697540283e-01 1.294441699981689453e+00 -1.546190530061721802e-01
2.393823266029357910e-01 -8.225495219230651855e-01 -1.652724742889404297e-01 9.341008961200714111e-02 -2.736803293228149414e-01 -1.326244026422500610e-01
-8.364933133125305176e-01 2.800637781620025635e-01 -1.939679503440856934e+00 -1.079286038875579834e-01 1.187932848930358887e+00 2.912624180316925049e-02
2.393823266029357910e-01 4.410453140735626221e-03 9.134598374366760254e-01 -1.696165949106216431e-01 -1.248646154999732971e-01 5.454273428767919540e-03
7.773202061653137207e-01 -2.712428867816925049e-01 1.564460396766662598e+00 1.333118379116058350e-01 -1.591649770736694336e+00 -3.591956570744514465e-02
-2.985554933547973633e-01 -5.468961596488952637e-01 1.781764984130859375e+00 1.835054159164428711e-02 5.517150089144706726e-02 -6.185730546712875366e-02
-5.675243735313415527e-01 8.313704133033752441e-01 -5.965331792831420898e-01 -9.664708375930786133e-02 7.398705482482910156e-01 1.428414285182952881e-01
2.393823266029357910e-01 -5.468961596488952637e-01 2.528870403766632080e-01 -6.175962835550308228e-02 -4.059075713157653809e-01 -6.122861057519912720e-02
-2.958658151328563690e-02 2.800637781620025635e-01 -1.137460470199584961e+00 8.898548781871795654e-02 1.981720775365829468e-01 4.411636665463447571e-02
-5.675243735313415527e-01 -8.225495219230651855e-01 -6.951833367347717285e-01 1.071526631712913513e-01 9.565663337707519531e-01 -1.264144927263259888e-01
7.773202061653137207e-01 -8.225495219230651855e-01 1.562030315399169922e+00 4.609471559524536133e-02 -1.251423358917236328e+00 -9.830930829048156738e-02
2.393823266029357910e-01 5.557171106338500977e-01 3.938700854778289795e-01 -3.729850798845291138e-02 -1.642279326915740967e-01 6.701443344354629517e-02
7.773202061653137207e-01 -2.712428867816925049e-01 1.038861036300659180e+00 9.459429234266281128e-02 -1.140600323677062988e+00 -4.269519075751304626e-02
-5.675243735313415527e-01 -5.468961596488952637e-01 -7.592916488647460938e-01 -2.326618507504463196e-02 6.987475752830505371e-01 -5.971869826316833496e-02
-2.958658151328563690e-02 8.313704133033752441e-01 5.178223848342895508e-01 -1.856177449226379395e-01 7.453852891921997070e-02 1.705012470483779907e-01
-2.985554933547973633e-01 8.313704133033752441e-01 4.816081821918487549e-01 -1.106865182518959045e-01 3.491709232330322266e-01 9.793531894683837891e-02
-2.985554933547973633e-01 -8.225495219230651855e-01 -1.091713070869445801e+00 1.713199764490127563e-01 5.545958876609802246e-01 -1.314834654331207275e-01
-2.958658151328563690e-02 8.313704133033752441e-01 -8.980432152748107910e-02 -1.035291999578475952e-01 5.160458013415336609e-02 1.213332638144493103e-01
7.773202061653137207e-01 5.557171106338500977e-01 9.840424060821533203e-01 -1.575148850679397583e-01 -1.058928251266479492e+00 8.515778928995132446e-02
5.083512663841247559e-01 -5.468961596488952637e-01 6.916298866271972656e-01 -9.423793293535709381e-03 -5.480636358261108398e-01 -8.094745874404907227e-02
2.393823266029357910e-01 8.313704133033752441e-01 1.857880502939224243e-01 -1.493392437696456909e-01 -4.528945386409759521e-01 1.137181147933006287e-01
-5.675243735313415527e-01 -5.468961596488952637e-01 -9.291542172431945801e-01 7.320829480886459351e-02 9.559280872344970703e-01 -9.538382291793823242e-02
2.393823266029357910e-01 5.557171106338500977e-01 1.349694728851318359e-01 3.623647615313529968e-02 -1.781668365001678467e-01 6.763407588005065918e-02
-5.675243735313415527e-01 4.410453140735626221e-03 -2.465752214193344116e-01 8.239842206239700317e-02 7.744920849800109863e-01 1.158132404088973999e-02
7.773202061653137207e-01 5.557171106338500977e-01 1.744335770606994629e+00 -9.548427909612655640e-02 -1.745659828186035156e+00 8.656960725784301758e-02
-2.985554933547973633e-01 -5.468961596488952637e-01 1.255183815956115723e+00 8.240047097206115723e-02 1.840480268001556396e-01 -9.625829756259918213e-02
7.773202061653137207e-01 -2.712428867816925049e-01 1.413844108581542969e+00 9.802086278796195984e-03 -1.325134992599487305e+00 -1.614367775619029999e-02
-2.958658151328563690e-02 4.410453140735626221e-03 1.472441196441650391e+00 -1.147010177373886108e-01 4.542350396513938904e-02 -2.383548533543944359e-03
7.773202061653137207e-01 -2.712428867816925049e-01 1.356066346168518066e+00 -9.269770979881286621e-02 -1.404987931251525879e+00 -2.658098936080932617e-02
5.083512663841247559e-01 5.557171106338500977e-01 1.304211497306823730e+00 -1.772452145814895630e-01 -7.107216715812683105e-01 4.703757911920547485e-02
7.773202061653137207e-01 8.313704133033752441e-01 6.201829314231872559e-01 -1.565569639205932617e-01 -1.238018393516540527e+00 1.008205786347389221e-01
-2.958658151328563690e-02 -2.712428867816925049e-01 -1.218998908996582031e+00 -3.045487590134143829e-02 1.391341388225555420e-01 -2.410397492349147797e-02
-5.675243735313415527e-01 -8.225495219230651855e-01 -5.120040774345397949e-01 1.109126135706901550e-01 8.911836147308349609e-01 -1.417329460382461548e-01
2.393823266029357910e-01 2.800637781620025635e-01 2.229702472686767578e-01 -8.765756338834762573e-02 -1.671322882175445557e-01 4.889847338199615479e-02
-2.985554933547973633e-01 2.800637781620025635e-01 -3.121222853660583496e-01 -6.635446101427078247e-02 2.744297683238983154e-01 5.132735148072242737e-02
7.773202061653137207e-01 5.557171106338500977e-01 1.496457219123840332e+00 -7.628688216209411621e-02 -1.643355607986450195e+00 9.034335613250732422e-02
-2.985554933547973633e-01 4.410453140735626221e-03 1.281699836254119873e-01 1.250747442245483398e-01 2.240229696035385132e-01 3.259162232279777527e-02
5.083512663841247559e-01 5.557171106338500977e-01 3.738529086112976074e-01 -4.842014610767364502e-02 -6.965959668159484863e-01 7.705447822809219360e-02
-5.675243735313415527e-01 -2.712428867816925049e-01 -2.042413651943206787e-01 -7.967741787433624268e-02 9.304900169372558594e-01 -1.510832458734512329e-02
7.773202061653137207e-01 4.410453140735626221e-03 1.535627245903015137e+00 1.299344897270202637e-01 -1.499882817268371582e+00 5.639730487018823624e-03
2.393823266029357910e-01 -5.468961596488952637e-01 9.823578000068664551e-01 1.083260867744684219e-02 -3.201707303524017334e-01 -8.194094151258468628e-02
-2.958658151328563690e-02 8.313704133033752441e-01 -1.663504123687744141e+00 -7.997028529644012451e-02 2.466718405485153198e-01 1.330347955226898193e-01
5.083512663841247559e-01 4.410453140735626221e-03 2.628556191921234131e-01 1.415956318378448486e-01 -7.483572363853454590e-01 -1.869822503067553043e-03
-2.958658151328563690e-02 -8.225495219230651855e-01 1.147023081779479980e+00 1.619222909212112427e-01 -7.021258026361465454e-02 -1.673728674650192261e-01
2.393823266029357910e-01 8.313704133033752441e-01 3.793340921401977539e-01 -1.613346487283706665e-01 -5.013808608055114746e-01 1.115435585379600525e-01
-2.985554933547973633e-01 4.410453140735626221e-03 -3.916269838809967041e-01 1.503448337316513062e-01 4.200312197208404541e-01 -1.567710749804973602e-02
-2.985554933547973633e-01 2.800637781620025635e-01 -1.549507617950439453e+00 -1.375405490398406982e-01 4.439599215984344482e-01 4.937682673335075378e-02
-8.364933133125305176e-01 -5.468961596488952637e-01 -4.124916791915893555e-01 1.512263566255569458e-01 1.114339709281921387e+00 -6.648048013448715210e-02
-5.675243735313415527e-01 5.557171106338500977e-01 -9.566590189933776855e-01 -5.697881802916526794e-02 7.991371154785156250e-01 8.357526361942291260e-02
-2.958658151328563690e-02 5.557171106338500977e-01 -4.957834184169769287e-01 1.113916654139757156e-02 -1.181904748082160950e-01 8.091518282890319824e-02
2.393823266029357910e-01 -2.712428867816925049e-01 -5.609819889068603516e-01 -8.241674304008483887e-02 -4.209324419498443604e-01 -4.319968447089195251e-02
5.083512663841247559e-01 -8.225495219230651855e-01 1.144724845886230469e+00 1.320753246545791626e-01 -7.891570329666137695e-01 -1.627110242843627930e-01
-2.985554933547973633e-01 8.313704133033752441e-01 -1.544232130050659180e+00 -1.685641258955001831e-01 3.599103689193725586e-01 1.832156032323837280e-01
-2.958658151328563690e-02 8.313704133033752441e-01 -6.002537012100219727e-01 -1.476323157548904419e-01 -1.517523378133773804e-01 1.421395689249038696e-01
-8.364933133125305176e-01 -2.712428867816925049e-01 -1.643990993499755859e+00 6.105073541402816772e-02 1.386410593986511230e+00 -5.290341004729270935e-02
7.773202061653137207e-01 4.410453140735626221e-03 1.564416646957397461e+00 1.728900521993637085e-01 -1.623332262039184570e+00 -1.367755793035030365e-02
-8.364933133125305176e-01 -8.225495219230651855e-01 -1.247066617012023926e+00 4.742345586419105530e-02 1.569507956504821777e+00 -1.054304987192153931e-01
-2.985554933547973633e-01 -2.712428867816925049e-01 -1.551062703132629395e+00 2.911260351538658142e-03 3.315086662769317627e-01 -3.852530941367149353e-02
-2.985554933547973633e-01 5.557171106338500977e-01 -1.381892204284667969e+00 7.995457388460636139e-03 6.071068644523620605e-01 8.113417774438858032e-02
-2.985554933547973633e-01 4.410453140735626221e-03 1.363724708557128906e+00 -2.118025906383991241e-02 1.802034974098205566e-01 1.355815562419593334e-03
-2.958658151328563690e-02 4.410453140735626221e-03 -5.224918723106384277e-01 -5.418134853243827820e-02 -1.718167914077639580e-04 -7.874585688114166260e-03
-2.958658151328563690e-02 -2.712428867816925049e-01 -6.982557177543640137e-01 9.289643168449401855e-02 1.832541376352310181e-01 -4.931784048676490784e-02
-2.985554933547973633e-01 2.800637781620025635e-01 -9.262568354606628418e-01 -1.767928898334503174e-01 4.759161472320556641e-01 1.571008935570716858e-02
-5.675243735313415527e-01 -5.468961596488952637e-01 7.662397623062133789e-01 1.783926598727703094e-02 5.961765050888061523e-01 -7.961632311344146729e-02
7.773202061653137207e-01 4.410453140735626221e-03 1.136626243591308594e+00 7.261957973241806030e-02 -1.003440976142883301e+00 7.799360901117324829e-03
7.773202061653137207e-01 4.410453140735626221e-03 8.694827556610107422e-01 1.220652982592582703e-01 -1.329113483428955078e+00 -4.971720278263092041e-03
2.393823266029357910e-01 4.410453140735626221e-03 -1.016215324401855469e+00 6.678538769483566284e-02 -2.892096340656280518e-01 -8.703994564712047577e-03
2.393823266029357910e-01 -5.468961596488952637e-01 2.139904946088790894e-01 -8.418813347816467285e-02 -3.065135180950164795e-01 -4.966418445110321045e-02
2.393823266029357910e-01 -2.712428867816925049e-01 8.402718901634216309e-01 -9.467441588640213013e-02 -1.420682519674301147e-01 -2.731430903077125549e-02
-2.985554933547973633e-01 -5.468961596488952637e-01 1.620785951614379883e+00 -7.162347435951232910e-02 9.374645352363586426e-02 -5.537334084510803223e-02
-2.985554933547973633e-01 4.410453140735626221e-03 -6.781077980995178223e-01 1.392477005720138550e-01 4.328380227088928223e-01 -2.205477654933929443e-02
-2.985554933547973633e-01 -2.712428867816925049e-01 -3.411020636558532715e-01 1.077544689178466797e-01 3.990957736968994141e-01 -5.147606134414672852e-02
7.773202061653137207e-01 -8.225495219230651855e-01 1.300940275192260742e+00 1.706642359495162964e-01 -9.858608841896057129e-01 -1.773850619792938232e-01
7.773202061653137207e-01 4.410453140735626221e-03 5.821424722671508789e-02 -1.445872038602828979e-01 -1.026971340179443359e+00 6.135503761470317841e-03
-2.958658151328563690e-02 -5.468961596488952637e-01 7.077655792236328125e-01 6.025645136833190918e-02 6.580037623643875122e-02 -9.497165679931640625e-02
-2.985554933547973633e-01 -8.225495219230651855e-01 -5.698477029800415039e-01 4.882654547691345215e-02 2.492197006940841675e-01 -1.039626970887184143e-01
5.083512663841247559e-01 2.800637781620025635e-01 -4.893342852592468262e-01 5.336441099643707275e-02 -7.035806179046630859e-01 3.688953071832656860e-02
2.393823266029357910e-01 8.313704133033752441e-01 1.158190727233886719e+00 -1.164643317461013794e-01 -1.492287963628768921e-01 1.588870584964752197e-01
5.083512663841247559e-01 8.313704133033752441e-01 5.656750798225402832e-01 -1.705232411623001099e-01 -9.081271290779113770e-01 1.767555326223373413e-01
5.083512663841247559e-01 2.800637781620025635e-01 1.961134187877178192e-02 -1.495306342840194702e-01 -5.460156798362731934e-01 3.216389566659927368e-02
7.773202061653137207e-01 2.800637781620025635e-01 5.065143108367919922e-01 -1.068693697452545166e-01 -1.041636109352111816e+00 1.895147934556007385e-02
-2.958658151328563690e-02 8.313704133033752441e-01 -1.490324735641479492e+00 -1.951694488525390625e-01 -2.152600511908531189e-02 1.556926667690277100e-01
-2.985554933547973633e-01 2.800637781620025635e-01 5.295377969741821289e-01 -1.457219421863555908e-01 2.207476347684860229e-01 3.141737729310989380e-02
5.083512663841247559e-01 4.410453140735626221e-03 6.116905212402343750e-01 -6.951857358217239380e-02 -5.359593033790588379e-01 -2.360563492402434349e-03
5.083512663841247559e-01 4.410453140735626221e-03 1.355622172355651855e+00 2.963740751147270203e-02 -6.726784110069274902e-01 1.913462020456790924e-02
-5.675243735313415527e-01 5.557171106338500977e-01 -7.923117280006408691e-01 -6.168513745069503784e-02 6.238715052604675293e-01 8.625072985887527466e-02
-2.958658151328563690e-02 -8.225495219230651855e-01 -1.315090537071228027e+00 1.393340826034545898e-01 -1.527919769287109375e-01 -1.445424556732177734e-01
-2.958658151328563690e-02 2.800637781620025635e-01 -6.919555664062500000e-01 -1.735083200037479401e-02 2.993834204971790314e-02 4.857493564486503601e-02
-2.958658151328563690e-02 4.410453140735626221e-03 4.636149480938911438e-02 -8.898564428091049194e-02 1.466286331415176392e-01 -4.086759872734546661e-03
-2.985554933547973633e-01 -8.225495219230651855e-01 -8.565275073051452637e-01 1.775347441434860229e-01 6.119480729103088379e-01 -1.535283625125885010e-01
5.083512663841247559e-01 2.800637781620025635e-01 1.885847300291061401e-01 -1.720011979341506958e-01 -8.042332530021667480e-01 2.676202915608882904e-02
-2.985554933547973633e-01 -8.225495219230651855e-01 1.023144006729125977e+00 1.583283394575119019e-01 4.608397781848907471e-01 -1.115175262093544006e-01
7.773202061653137207e-01 5.557171106338500977e-01 1.322757959365844727e+00 -1.837745159864425659e-01 -1.326829195022583008e+00 8.340815454721450806e-02
2.393823266029357910e-01 -2.712428867816925049e-01 1.335499644279479980e+00 5.324072018265724182e-02 -3.554976582527160645e-01 -4.752733185887336731e-02
-2.958658151328563690e-02 4.410453140735626221e-03 3.327279984951019287e-01 8.465608209371566772e-02 1.118914186954498291e-01 1.410356815904378891e-02
7.773202061653137207e-01 4.410453140735626221e-03 3.384267687797546387e-01 4.817800596356391907e-02 -9.609057903289794922e-01 2.104651555418968201e-02
-2.958658151328563690e-02 -2.712428867816925049e-01 -6.674115657806396484e-01 2.001694217324256897e-02 -5.561372637748718262e-02 -2.907829359173774719e-02
-2.985554933547973633e-01 2.800637781620025635e-01 1.415099263191223145e+00 -6.408103555440902710e-02 1.074114218354225159e-01 3.065232187509536743e-02
-8.364933133125305176e-01 -2.712428867816925049e-01 -8.957080245018005371e-01 -1.253071706742048264e-02 1.448708534240722656e+00 -1.505634561181068420e-02
-8.364933133125305176e-01 2.800637781620025635e-01 -1.762345671653747559e+00 -1.480257511138916016e-01 1.582570195198059082e+00 3.588211163878440857e-02
-2.958658151328563690e-02 8.313704133033752441e-01 -1.852806091308593750e+00 -1.828600019216537476e-01 3.154357671737670898e-01 1.527630090713500977e-01
-2.985554933547973633e-01 -5.468961596488952637e-01 4.343118146061897278e-02 -1.214254368096590042e-02 4.550935924053192139e-01 -5.737109109759330750e-02
-2.985554933547973633e-01 5.557171106338500977e-01 1.036828875541687012e+00 -1.173151135444641113e-01 1.876056343317031860e-01 9.045237302780151367e-02
-5.675243735313415527e-01 5.557171106338500977e-01 -1.206745386123657227e+00 -1.682703047990798950e-01 8.196412920951843262e-01 8.441613614559173584e-02
-2.985554933547973633e-01 -8.225495219230651855e-01 -1.047706842422485352e+00 1.397945433855056763e-01 4.093848168849945068e-01 -1.643027216196060181e-01
2.393823266029357910e-01 2.800637781620025635e-01 6.577954888343811035e-01 -9.431759268045425415e-02 -2.328538596630096436e-01 4.852572083473205566e-02
-2.985554933547973633e-01 2.800637781620025635e-01 -7.224236130714416504e-01 -1.071042418479919434e-01 4.750736355781555176e-01 3.944343701004981995e-02
7.773202061653137207e-01 8.313704133033752441e-01 1.880142688751220703e+00 -1.319028884172439575e-01 -1.587133288383483887e+00 1.256303936243057251e-01
7.773202061653137207e-01 -2.712428867816925049e-01 1.277628302574157715e+00 9.292470663785934448e-02 -1.176428079605102539e+00 -3.310544788837432861e-02
5.083512663841247559e-01 5.557171106338500977e-01 3.041810095310211182e-01 -1.570124179124832153e-01 -6.452088952064514160e-01 7.636244595050811768e-02
5.083512663841247559e-01 -5.468961596488952637e-01 1.424487709999084473e+00 -1.445761416107416153e-02 -7.884932160377502441e-01 -8.770520240068435669e-02
2.393823266029357910e-01 8.313704133033752441e-01 1.489563584327697754e+00 -8.464318513870239258e-02 -2.043094485998153687e-01 1.186956018209457397e-01
-2.958658151328563690e-02 4.410453140735626221e-03 -8.430777788162231445e-01 -2.875857241451740265e-02 -2.295020073652267456e-01 -9.900491684675216675e-03
-5.675243735313415527e-01 5.557171106338500977e-01 -7.874946594238281250e-01 4.300549044273793697e-04 9.051450490951538086e-01 6.501783430576324463e-02
5.083512663841247559e-01 -8.225495219230651855e-01 4.507908225059509277e-01 1.337778419256210327e-01 -5.281634330749511719e-01 -1.660839468240737915e-01
2.393823266029357910e-01 8.313704133033752441e-01 -2.157296687364578247e-01 -1.891491115093231201e-01 -2.556526362895965576e-01 1.461546123027801514e-01
5.083512663841247559e-01 2.800637781620025635e-01 -4.019588232040405273e-02 -1.304510831832885742e-01 -7.077995538711547852e-01 4.075491800904273987e-02
2.393823266029357910e-01 5.557171106338500977e-01 -3.660360872745513916e-01 -5.718373507261276245e-02 -4.031160473823547363e-01 8.211310207843780518e-02
-2.958658151328563690e-02 5.557171106338500977e-01 -1.558409929275512695e+00 -7.357027381658554077e-02 2.374918162822723389e-01 8.690278977155685425e-02
7.773202061653137207e-01 -2.712428867816925049e-01 1.585805416107177734e+00 -1.596031151711940765e-02 -1.129830241203308105e+00 -1.963155344128608704e-02
-5.675243735313415527e-01 8.313704133033752441e-01 -1.365633249282836914e+00 -1.062451824545860291e-01 1.009305477142333984e+00 1.503132134675979614e-01
-5.675243735313415527e-01 4.410453140735626221e-03 -2.422082424163818359e-01 -1.267386972904205322e-01 6.337816119194030762e-01 -1.010082123684696853e-04
-2.958658151328563690e-02 -8.225495219230651855e-01 -1.224932074546813965e+00 1.802597343921661377e-01 2.575846016407012939e-01 -1.654978841543197632e-01
7.773202061653137207e-01 2.800637781620025635e-01 1.597470641136169434e+00 -7.628696411848068237e-02 -1.645708560943603516e+00 4.619876667857170105e-02
-2.958658151328563690e-02 5.557171106338500977e-01 -9.619524478912353516e-01 -5.767880007624626160e-02 -1.332808434963226318e-01 9.062130749225616455e-02
-2.958658151328563690e-02 5.557171106338500977e-01 -4.405512809753417969e-01 -5.225179716944694519e-02 -5.230383947491645813e-02 5.843591690063476562e-02
-2.985554933547973633e-01 -5.468961596488952637e-01 -8.407118916511535645e-01 5.911271274089813232e-02 3.813925385475158691e-01 -8.164718002080917358e-02
7.773202061653137207e-01 2.800637781620025635e-01 6.120810508728027344e-01 -1.438822150230407715e-01 -1.073548674583435059e+00 3.367465734481811523e-02
-2.958658151328563690e-02 2.800637781620025635e-01 2.367776632308959961e-01 -1.354739665985107422e-01 1.352590024471282959e-01 4.743140190839767456e-02
-2.958658151328563690e-02 -5.468961596488952637e-01 -1.667274832725524902e+00 9.482046961784362793e-02 -1.017640084028244019e-01 -6.241530925035476685e-02
2.393823266029357910e-01 -8.225495219230651855e-01 -4.530884921550750732e-01 1.363064050674438477e-01 -5.640056729316711426e-01 -1.343868821859359741e-01
-5.675243735313415527e-01 -8.225495219230651855e-01 -2.614566683769226074e-01 1.066356673836708069e-01 8.347308635711669922e-01 -1.484620720148086548e-01
-8.364933133125305176e-01 5.557171106338500977e-01 -7.941156029701232910e-01 -1.186766102910041809e-02 1.410691618919372559e+00 8.728453516960144043e-02
7.773202061653137207e-01 5.557171106338500977e-01 7.998513579368591309e-01 -2.472933381795883179e-02 -1.406707167625427246e+00 9.434632211923599243e-02
7.773202061653137207e-01 4.410453140735626221e-03 5.830632448196411133e-01 9.483744949102401733e-02 -1.315199851989746094e+00 1.628262922167778015e-02
-2.958658151328563690e-02 4.410453140735626221e-03 -1.699629783630371094e+00 9.011965990066528320e-02 2.219224423170089722e-01 1.185877993702888489e-02
-2.985554933547973633e-01 2.800637781620025635e-01 -1.098865866661071777e+00 -1.804021187126636505e-02 3.698529899120330811e-01 3.018192946910858154e-02
5.083512663841247559e-01 -5.468961596488952637e-01 -5.898367166519165039e-01 9.924395382404327393e-02 -6.994955539703369141e-01 -6.915184110403060913e-02
2.393823266029357910e-01 5.557171106338500977e-01 1.645777225494384766e+00 -1.906978935003280640e-01 -3.288867175579071045e-01 8.344490826129913330e-02
-8.364933133125305176e-01 -2.712428867816925049e-01 -1.473860383033752441e+00 -1.225120350718498230e-01 1.654577374458312988e+00 -1.794655807316303253e-02
2.393823266029357910e-01 -2.712428867816925049e-01 1.154841780662536621e+00 -2.838911488652229309e-02 -1.253159493207931519e-01 -3.311657905578613281e-02
2.393823266029357910e-01 -5.468961596488952637e-01 1.242218494415283203e+00 1.061281785368919373e-01 -1.619129478931427002e-01 -6.119000166654586792e-02
2.393823266029357910e-01 4.410453140735626221e-03 -8.468490242958068848e-01 -1.057702815160155296e-03 -3.558130264282226562e-01 2.941031008958816528e-03
-5.675243735313415527e-01 5.557171106338500977e-01 3.358385264873504639e-01 -1.318553537130355835e-01 8.142169117927551270e-01 5.740178003907203674e-02
7.773202061653137207e-01 4.410453140735626221e-03 9.528244733810424805e-01 1.682475954294204712e-01 -1.069382309913635254e+00 -2.480166777968406677e-02
5.083512663841247559e-01 -2.712428867816925049e-01 1.169067859649658203e+00 1.024340987205505371e-01 -5.021724700927734375e-01 -2.488786540925502777e-02
5.083512663841247559e-01 5.557171106338500977e-01 7.721500396728515625e-01 3.274462372064590454e-02 -7.812048792839050293e-01 7.016190141439437866e-02
-8.364933133125305176e-01 4.410453140735626221e-03 -1.933898925781250000e+00 -1.094163283705711365e-01 2.005424976348876953e+00 1.225958694703876972e-03
2.393823266029357910e-01 4.410453140735626221e-03 4.117097556591033936e-01 1.806159317493438721e-01 -2.199416607618331909e-01 -1.129821175709366798e-03
5.083512663841247559e-01 -8.225495219230651855e-01 2.645883858203887939e-01 1.435567587614059448e-01 -5.847790241241455078e-01 -1.715511828660964966e-01
7.773202061653137207e-01 -2.712428867816925049e-01 6.321999430656433105e-01 2.435513399541378021e-02 -1.220378398895263672e+00 -2.372293174266815186e-02
-2.985554933547973633e-01 4.410453140735626221e-03 -1.032234191894531250e+00 -1.188238188624382019e-01 3.716254532337188721e-01 -4.162444267421960831e-03
5.083512663841247559e-01 8.313704133033752441e-01 1.171975851058959961e+00 -7.643295079469680786e-02 -6.618782281875610352e-01 1.016538441181182861e-01
-2.958658151328563690e-02 2.800637781620025635e-01 -1.009359121322631836e+00 -6.741129606962203979e-02 -2.025353759527206421e-01 4.962122812867164612e-02
5.083512663841247559e-01 -2.712428867816925049e-01 1.446281433105468750e+00 1.593277603387832642e-01 -7.405701875686645508e-01 -5.544106662273406982e-02
-5.675243735313415527e-01 -5.468961596488952637e-01 3.000276982784271240e-01 1.030926778912544250e-01 7.425590753555297852e-01 -9.910319000482559204e-02
-2.958658151328563690e-02 -2.712428867816925049e-01 -1.896766185760498047e+00 -8.732896298170089722e-02 3.316544890403747559e-01 -2.240782231092453003e-02
7.773202061653137207e-01 5.557171106338500977e-01 1.789849996566772461e+00 -1.607896536588668823e-01 -1.318036437034606934e+00 5.716923996806144714e-02
7.773202061653137207e-01 8.313704133033752441e-01 1.764418244361877441e+00 -8.837408572435379028e-02 -1.115838170051574707e+00 9.930034726858139038e-02
-5.675243735313415527e-01 -8.225495219230651855e-01 -2.290426790714263916e-01 1.307126432657241821e-01 6.493938565254211426e-01 -1.233711540699005127e-01
-2.985554933547973633e-01 8.313704133033752441e-01 1.380073726177215576e-01 -6.507666409015655518e-02 1.889171898365020752e-01 1.021070778369903564e-01
2.393823266029357910e-01 2.800637781620025635e-01 -1.023915410041809082e+00 -9.902842342853546143e-02 -4.363580942153930664e-01 3.563186153769493103e-02
-2.958658151328563690e-02 -2.712428867816925049e-01 8.310855627059936523e-01 1.610300838947296143e-01 -1.073335856199264526e-01 -4.199418798089027405e-02
-2.958658151328563690e-02 2.800637781620025635e-01 -2.662466466426849365e-01 5.293356254696846008e-02 1.482572257518768311e-01 4.797823354601860046e-02
7.773202061653137207e-01 4.410453140735626221e-03 1.360762238502502441e+00 -1.486762762069702148e-01 -1.096969842910766602e+00 1.192492619156837463e-02
7.773202061653137207e-01 -5.468961596488952637e-01 1.712550163269042969e+00 -1.910920627415180206e-02 -1.023388743400573730e+00 -5.452837049961090088e-02
-2.958658151328563690e-02 2.800637781620025635e-01 4.670712351799011230e-01 -1.683778613805770874e-01 1.010553538799285889e-01 3.749590367078781128e-02
7.773202061653137207e-01 -5.468961596488952637e-01 1.776126265525817871e+00 4.519604146480560303e-02 -9.973337054252624512e-01 -9.433866292238235474e-02
-2.958658151328563690e-02 -2.712428867816925049e-01 -9.455900192260742188e-01 6.166443601250648499e-02 -1.855783015489578247e-01 -4.675185680389404297e-02
-2.985554933547973633e-01 -5.468961596488952637e-01 -3.194716945290565491e-02 8.459831029176712036e-02 2.585074901580810547e-01 -7.446047663688659668e-02
7.773202061653137207e-01 -2.712428867816925049e-01 2.612307667732238770e-01 1.875923126935958862e-01 -1.004697442054748535e+00 -3.352091088891029358e-02
-5.675243735313415527e-01 5.557171106338500977e-01 2.058702111244201660e-01 -1.379631161689758301e-01 5.912656784057617188e-01 6.290092319250106812e-02
-2.958658151328563690e-02 2.800637781620025635e-01 7.492436766624450684e-01 3.403340280055999756e-02 1.192453429102897644e-01 5.366678535938262939e-02
-5.675243735313415527e-01 4.410453140735626221e-03 -1.283300876617431641e+00 -1.501343399286270142e-01 9.354274272918701172e-01 9.951352141797542572e-03
-2.985554933547973633e-01 -8.225495219230651855e-01 4.413853287696838379e-01 7.730986177921295166e-02 3.166612982749938965e-01 -1.163560450077056885e-01
-8.364933133125305176e-01 4.410453140735626221e-03 -1.621871471405029297e+00 -3.312002494931221008e-02 1.173338770866394043e+00 8.247430436313152313e-03
-2.958658151328563690e-02 -2.712428867816925049e-01 -9.754412174224853516e-01 1.029868517071008682e-02 -1.009654104709625244e-01 -1.993197947740554810e-02
2.393823266029357910e-01 -5.468961596488952637e-01 -3.731350600719451904e-01 1.112052276730537415e-01 -5.332461595535278320e-01 -6.952369958162307739e-02
7.773202061653137207e-01 4.410453140735626221e-03 7.191168665885925293e-01 1.816027164459228516e-01 -1.044504523277282715e+00 5.198467057198286057e-03
7.773202061653137207e-01 8.313704133033752441e-01 1.540543079376220703e+00 -1.518980264663696289e-01 -1.297191858291625977e+00 9.407274425029754639e-02
-8.364933133125305176e-01 2.800637781620025635e-01 -1.728878140449523926e+00 -1.273048110306262970e-02 1.570250391960144043e+00 3.740628436207771301e-02
2.393823266029357910e-01 -5.468961596488952637e-01 6.858038716018199921e-03 1.565405726432800293e-01 -4.086883664131164551e-01 -9.561933577060699463e-02
-5.675243735313415527e-01 5.557171106338500977e-01 -2.513786554336547852e-01 -1.243258919566869736e-02 5.849058628082275391e-01 7.254269719123840332e-02
7.773202061653137207e-01 2.800637781620025635e-01 5.729558467864990234e-01 -1.492877602577209473e-01 -1.142340660095214844e+00 2.519560419023036957e-02
-5.675243735313415527e-01 -8.225495219230651855e-01 -6.314560770988464355e-01 9.441887587308883667e-02 9.698111414909362793e-01 -1.380364149808883667e-01
-2.985554933547973633e-01 -2.712428867816925049e-01 -8.656988143920898438e-01 1.233733743429183960e-01 5.599739551544189453e-01 -4.051491618156433105e-02
-2.985554933547973633e-01 -2.712428867816925049e-01 -1.350325226783752441e+00 1.158151701092720032e-01 3.083691596984863281e-01 -5.072622001171112061e-02
-2.985554933547973633e-01 -2.712428867816925049e-01 3.543427288532257080e-01 1.562302745878696442e-02 3.579528629779815674e-01 -4.122872650623321533e-02
-2.985554933547973633e-01 4.410453140735626221e-03 -1.604293823242187500e+00 5.214114859700202942e-02 4.739218950271606445e-01 1.260602660477161407e-02
7.773202061653137207e-01 4.410453140735626221e-03 1.659943342208862305e+00 3.743973001837730408e-02 -1.074297666549682617e+00 -2.673759358003735542e-03
7.773202061653137207e-01 4.410453140735626221e-03 1.163154482841491699e+00 -9.117640554904937744e-03 -9.619044065475463867e-01 1.510081533342599869e-02
5.083512663841247559e-01 -2.712428867816925049e-01 1.874569535255432129e+00 -1.131568253040313721e-01 -7.393833398818969727e-01 -1.128375995904207230e-02
-2.958658151328563690e-02 8.313704133033752441e-01 -3.408243656158447266e-01 -1.310828328132629395e-01 -1.002883166074752808e-01 1.247680559754371643e-01
5.083512663841247559e-01 2.800637781620025635e-01 1.578977108001708984e+00 -1.194753721356391907e-01 -6.126725077629089355e-01 2.447127550840377808e-02
2.393823266029357910e-01 2.800637781620025635e-01 -4.506372809410095215e-01 -1.459392905235290527e-01 -3.676162362098693848e-01 2.458498068153858185e-02
-5.675243735313415527e-01 5.557171106338500977e-01 -1.595360398292541504e+00 -1.485163122415542603e-01 8.374931812286376953e-01 8.965833485126495361e-02
2.393823266029357910e-01 4.410453140735626221e-03 1.784976959228515625e+00 1.462047100067138672e-01 -7.951789349317550659e-02 1.858755201101303101e-02
5.083512663841247559e-01 -8.225495219230651855e-01 -2.029156833887100220e-01 1.714818179607391357e-01 -7.957479953765869141e-01 -1.569640189409255981e-01
-8.364933133125305176e-01 -5.468961596488952637e-01 -1.134314417839050293e+00 9.476159512996673584e-02 1.548647284507751465e+00 -9.235737472772598267e-02
7.773202061653137207e-01 8.313704133033752441e-01 7.310333847999572754e-01 -1.332011073827743530e-01 -1.327561974525451660e+00 1.028768494725227356e-01
-2.985554933547973633e-01 -8.225495219230651855e-01 4.959320724010467529e-01 2.484183944761753082e-02 2.702991068363189697e-01 -1.015758737921714783e-01
-2.958658151328563690e-02 5.557171106338500977e-01 -1.745293021202087402e+00 -1.947888135910034180e-01 -6.747717410326004028e-02 7.661361247301101685e-02
-8.364933133125305176e-01 5.557171106338500977e-01 -1.929664611816406250e+00 -1.103825718164443970e-01 1.358829259872436523e+00 9.069730341434478760e-02
-2.958658151328563690e-02 -2.712428867816925049e-01 1.448566794395446777e+00 -1.311073750257492065e-01 5.706150084733963013e-02 -9.665107354521751404e-03
-2.958658151328563690e-02 4.410453140735626221e-03 -7.862486839294433594e-01 -6.906482577323913574e-02 -8.180636167526245117e-02 1.481890399008989334e-02
-2.985554933547973633e-01 -5.468961596488952637e-01 7.687078416347503662e-02 1.825927793979644775e-01 3.068773448467254639e-01 -9.019801020622253418e-02
-2.985554933547973633e-01 4.410453140735626221e-03 -2.364487648010253906e-01 -1.531217992305755615e-01 2.113458067178726196e-01 2.838894492015242577e-03
-5.675243735313415527e-01 8.313704133033752441e-01 -2.005131840705871582e-01 -1.541616618633270264e-01 9.153713583946228027e-01 1.501210331916809082e-01
5.083512663841247559e-01 8.313704133033752441e-01 1.240771651268005371e+00 -5.789423361420631409e-02 -4.732558429241180420e-01 1.289730668067932129e-01
2.393823266029357910e-01 8.313704133033752441e-01 1.674417972564697266e+00 -1.326733678579330444e-01 -2.273129075765609741e-01 1.155918315052986145e-01
-2.958658151328563690e-02 4.410453140735626221e-03 -1.473139643669128418e+00 1.366769969463348389e-01 -1.854738444089889526e-01 -1.517050433903932571e-02
7.773202061653137207e-01 4.410453140735626221e-03 1.588898181915283203e+00 3.743096068501472473e-02 -1.705577611923217773e+00 2.649270556867122650e-02
-2.958658151328563690e-02 -2.712428867816925049e-01 -1.696556329727172852e+00 1.713179647922515869e-01 -1.196937710046768188e-01 -5.685588344931602478e-02
-2.958658151328563690e-02 2.800637781620025635e-01 -1.140766382217407227e+00 1.195342317223548889e-01 3.843873366713523865e-02 3.679997473955154419e-02
5.083512663841247559e-01 -5.468961596488952637e-01 6.698836088180541992e-01 -7.004286348819732666e-02 -7.285202145576477051e-01 -5.373549088835716248e-02
2.393823266029357910e-01 8.313704133033752441e-01 1.533181428909301758e+00 -1.516241580247879028e-01 -2.371655702590942383e-01 1.210679858922958374e-01
-2.958658151328563690e-02 2.800637781620025635e-01 1.322445869445800781e+00 -4.965054802596569061e-03 8.120118826627731323e-02 5.089760944247245789e-02
7.773202061653137207e-01 -2.712428867816925049e-01 9.574443101882934570e-01 -8.918295614421367645e-03 -1.148684740066528320e+00 -3.631871193647384644e-02
-5.675243735313415527e-01 8.313704133033752441e-01 -1.942988514900207520e+00 -7.583729177713394165e-02 1.101196527481079102e+00 1.090395152568817139e-01
7.773202061653137207e-01 4.410453140735626221e-03 1.282504796981811523e+00 1.692236065864562988e-01 -1.643578410148620605e+00 -6.470536813139915466e-03
5.083512663841247559e-01 -5.468961596488952637e-01 2.822910249233245850e-01 1.574661880731582642e-01 -8.909170031547546387e-01 -1.020285487174987793e-01
5.083512663841247559e-01 -2.712428867816925049e-01 1.838889837265014648e+00 -8.641012944281101227e-03 -5.197488665580749512e-01 -3.497129306197166443e-02
5.083512663841247559e-01 4.410453140735626221e-03 8.965930938720703125e-01 1.145973652601242065e-01 -8.616929054260253906e-01 -1.351915393024682999e-02
5.083512663841247559e-01 -8.225495219230651855e-01 -1.735904626548290253e-02 1.560489535331726074e-01 -6.950839757919311523e-01 -1.229564622044563293e-01
-8.364933133125305176e-01 4.410453140735626221e-03 -1.708257436752319336e+00 1.619849801063537598e-01 1.343968391418457031e+00 -5.311318207532167435e-03
7.773202061653137207e-01 4.410453140735626221e-03 8.329326510429382324e-01 -4.688476398587226868e-02 -1.058672666549682617e+00 -8.620289154350757599e-03
2.393823266029357910e-01 -8.225495219230651855e-01 -7.225612401962280273e-01 1.412901133298873901e-01 -5.600326061248779297e-01 -1.398963779211044312e-01
-2.958658151328563690e-02 4.410453140735626221e-03 -2.981156408786773682e-01 -1.594967842102050781e-01 -3.187449276447296143e-02 4.568642470985651016e-03
-8.364933133125305176e-01 -2.712428867816925049e-01 -4.492358565330505371e-01 5.324130412191152573e-03 1.214361667633056641e+00 -4.866242036223411560e-02
-2.985554933547973633e-01 5.557171106338500977e-01 -3.540837392210960388e-02 -9.119752049446105957e-02 3.118399381637573242e-01 5.560658127069473267e-02
5.083512663841247559e-01 8.313704133033752441e-01 1.384205650538206100e-02 -1.217897683382034302e-01 -8.054772615432739258e-01 1.218737289309501648e-01
5.083512663841247559e-01 4.410453140735626221e-03 4.251735806465148926e-01 1.353698074817657471e-01 -5.242800712585449219e-01 -2.130622602999210358e-02
7.773202061653137207e-01 -8.225495219230651855e-01 1.013627886772155762e+00 1.555755138397216797e-01 -1.009383797645568848e+00 -1.446917355060577393e-01
2.393823266029357910e-01 -2.712428867816925049e-01 9.973018169403076172e-01 -2.396865561604499817e-02 -3.831628262996673584e-01 -3.672287240624427795e-02
5.083512663841247559e-01 2.800637781620025635e-01 2.387415319681167603e-01 -1.450073868036270142e-01 -5.305412411689758301e-01 3.503828868269920349e-02
7.773202061653137207e-01 4.410453140735626221e-03 1.369662880897521973e+00 4.869668744504451752e-03 -1.481872797012329102e+00 1.438349392265081406e-02
7.773202061653137207e-01 -2.712428867816925049e-01 3.653252720832824707e-01 1.542012095451354980e-01 -1.128581047058105469e+00 -4.019685462117195129e-02
5.083512663841247559e-01 4.410453140735626221e-03 5.288852453231811523e-01 5.974363908171653748e-02 -7.188845872879028320e-01 -2.888167742639780045e-03
-2.958658151328563690e-02 -2.712428867816925049e-01 3.281676024198532104e-02 -6.302376091480255127e-02 -1.301973164081573486e-01 -1.890988834202289581e-02
-2.985554933547973633e-01 -5.468961596488952637e-01 -2.984175682067871094e-01 1.696047037839889526e-01 4.108825027942657471e-01 -9.391109645366668701e-02
-5.675243735313415527e-01 2.800637781620025635e-01 -3.170897364616394043e-01 1.732973381876945496e-02 8.475199341773986816e-01 3.785692155361175537e-02
7.773202061653137207e-01 -8.225495219230651855e-01 6.886222958564758301e-01 9.678050130605697632e-02 -9.869660735130310059e-01 -1.085867732763290405e-01
2.393823266029357910e-01 -2.712428867816925049e-01 -4.540819227695465088e-01 5.673144757747650146e-02 -4.170925319194793701e-01 -5.070032551884651184e-02
-5.675243735313415527e-01 4.410453140735626221e-03 -1.187214255332946777e+00 -3.873588517308235168e-02 8.952079415321350098e-01 -7.233934476971626282e-03
7.773202061653137207e-01 -8.225495219230651855e-01 8.812601566314697266e-01 8.772269636392593384e-02 -1.013033151626586914e+00 -1.194162517786026001e-01
-2.958658151328563690e-02 4.410453140735626221e-03 1.729467697441577911e-02 1.602229923009872437e-01 -4.531424492597579956e-02 -2.301338501274585724e-02
2.393823266029357910e-01 5.557171106338500977e-01 -4.649320542812347412e-01 1.087806746363639832e-02 -2.308568209409713745e-01 6.819698959589004517e-02
5.083512663841247559e-01 2.800637781620025635e-01 3.415434360504150391e-01 -8.046573400497436523e-02 -9.215597510337829590e-01 2.947341464459896088e-02
-5.675243735313415527e-01 -2.712428867816925049e-01 -1.030413150787353516e+00 8.563192933797836304e-02 6.609966754913330078e-01 -2.493107691407203674e-02
-2.958658151328563690e-02 2.800637781620025635e-01 -8.900268673896789551e-01 5.194806307554244995e-02 -2.204530090093612671e-01 6.155307963490486145e-02
2.393823266029357910e-01 -5.468961596488952637e-01 1.390560388565063477e+00 7.673015445470809937e-02 -2.294787764549255371e-01 -6.129057332873344421e-02
-8.364933133125305176e-01 -8.225495219230651855e-01 -1.439512372016906738e+00 1.754386425018310547e-01 1.260688543319702148e+00 -1.740401387214660645e-01
-5.675243735313415527e-01 4.410453140735626221e-03 -9.440008997917175293e-01 3.831562027335166931e-02 9.130136370658874512e-01 1.437237579375505447e-02
2.393823266029357910e-01 5.557171106338500977e-01 1.024591684341430664e+00 -1.748803555965423584e-01 -1.706681400537490845e-01 7.449580729007720947e-02
2.393823266029357910e-01 2.800637781620025635e-01 -4.722557067871093750e-01 -1.386742740869522095e-01 -3.593164980411529541e-01 3.592568635940551758e-02
5.083512663841247559e-01 4.410453140735626221e-03 1.680212497711181641e+00 1.741790324449539185e-01 -6.841148734092712402e-01 9.363997727632522583e-03
-2.985554933547973633e-01 8.313704133033752441e-01 1.522142887115478516e+00 -1.899133026599884033e-01 1.104654595255851746e-01 1.572159975767135620e-01
5.083512663841247559e-01 -2.712428867816925049e-01 1.487854480743408203e+00 9.266162663698196411e-02 -7.232761383056640625e-01 -2.143250219523906708e-02
-2.958658151328563690e-02 2.800637781620025635e-01 6.979591846466064453e-01 -2.357822842895984650e-02 -5.277834832668304443e-02 4.405391216278076172e-02
-5.675243735313415527e-01 -8.225495219230651855e-01 -8.561483025550842285e-02 1.638884395360946655e-01 5.783361196517944336e-01 -1.166572198271751404e-01
-2.985554933547973633e-01 -5.468961596488952637e-01 -2.175485491752624512e-01 1.486935764551162720e-01 4.933800995349884033e-01 -7.850194722414016724e-02
7.773202061653137207e-01 8.313704133033752441e-01 1.474945187568664551e+00 -1.631282866001129150e-01 -9.718230366706848145e-01 1.545801311731338501e-01
7.773202061653137207e-01 -2.712428867816925049e-01 1.672120332717895508e+00 -3.002660721540451050e-02 -1.585169672966003418e+00 -4.203191027045249939e-02
2.393823266029357910e-01 4.410453140735626221e-03 3.560055792331695557e-02 1.235530599951744080e-01 -3.578103482723236084e-01 -6.878932472318410873e-03
-8.364933133125305176e-01 8.313704133033752441e-01 -1.779595613479614258e+00 -1.233508065342903137e-01 1.645992994308471680e+00 1.250248849391937256e-01
-5.675243735313415527e-01 5.557171106338500977e-01 3.354658186435699463e-02 -7.235223799943923950e-02 9.713391065597534180e-01 8.837204426527023315e-02
-2.985554933547973633e-01 2.800637781620025635e-01 -6.631135344505310059e-01 -3.809589892625808716e-03 5.445654988288879395e-01 2.494256757199764252e-02
2.393823266029357910e-01 -2.712428867816925049e-01 8.908814191818237305e-01 1.543287336826324463e-01 -1.374769061803817749e-01 -4.687179997563362122e-02
5.083512663841247559e-01 -2.712428867816925049e-01 4.013739824295043945e-01 1.459129750728607178e-01 -6.700391173362731934e-01 -4.641034454107284546e-02
5.083512663841247559e-01 2.800637781620025635e-01 2.121964283287525177e-02 -6.130062043666839600e-03 -5.472108125686645508e-01 2.406682632863521576e-02
5.083512663841247559e-01 8.313704133033752441e-01 1.409992694854736328e+00 -1.444499194622039795e-01 -4.866318404674530029e-01 1.372039318084716797e-01
-5.675243735313415527e-01 8.313704133033752441e-01 -4.970370829105377197e-01 -1.741372197866439819e-01 9.578151702880859375e-01 9.115737676620483398e-02
5.083512663841247559e-01 -8.225495219230651855e-01 -1.789251118898391724e-01 1.502919644117355347e-01 -6.198782324790954590e-01 -1.733835488557815552e-01
-2.958658151328563690e-02 5.557171106338500977e-01 1.701643586158752441e+00 1.890318095684051514e-02 2.064445754513144493e-03 7.725083827972412109e-02
-8.364933133125305176e-01 5.557171106338500977e-01 -1.284906268119812012e+00 -1.467653959989547729e-01 1.547832131385803223e+00 7.615140080451965332e-02
2.393823266029357910e-01 2.800637781620025635e-01 1.671462535858154297e+00 -3.314739093184471130e-02 -2.520572841167449951e-01 2.388848736882209778e-02
-2.985554933547973633e-01 4.410453140735626221e-03 8.970430493354797363e-01 6.964903324842453003e-02 3.678699731826782227e-01 -4.416177514940500259e-03
-2.958658151328563690e-02 -5.468961596488952637e-01 -1.947544336318969727e+00 1.058702692389488220e-01 3.016915321350097656e-01 -8.628963679075241089e-02
5.083512663841247559e-01 2.800637781620025635e-01 1.570243835449218750e+00 5.202411673963069916e-03 -6.073511838912963867e-01 2.423322945833206177e-02
-8.364933133125305176e-01 5.557171106338500977e-01 -1.268892526626586914e+00 -1.219191700220108032e-01 1.193124890327453613e+00 6.630412489175796509e-02
-2.958658151328563690e-02 4.410453140735626221e-03 -5.134416222572326660e-01 1.604906171560287476e-01 1.158386003226041794e-02 1.549210166558623314e-03
7.773202061653137207e-01 -8.225495219230651855e-01 1.889253616333007812e+00 1.855876892805099487e-01 -1.216522693634033203e+00 -1.209551692008972168e-01
-8.364933133125305176e-01 4.410453140735626221e-03 -1.488764047622680664e+00 -1.374989897012710571e-01 1.150514602661132812e+00 1.034600380808115005e-02
-2.985554933547973633e-01 -2.712428867816925049e-01 5.126609206199645996e-01 -1.452344283461570740e-02 1.516872793436050415e-01 -3.391653299331665039e-02
2.393823266029357910e-01 -5.468961596488952637e-01 1.666927695274353027e+00 -2.619225718080997467e-02 -3.481932580471038818e-01 -6.314291059970855713e-02
-2.985554933547973633e-01 -2.712428867816925049e-01 1.991878002882003784e-01 1.791540980339050293e-01 1.811127662658691406e-01 -4.345874860882759094e-02
-2.958658151328563690e-02 2.800637781620025635e-01 7.163542509078979492e-01 -9.338996559381484985e-02 7.576678693294525146e-02 4.458182305097579956e-02
5.083512663841247559e-01 -5.468961596488952637e-01 6.815763711929321289e-01 1.820036023855209351e-01 -8.136841654777526855e-01 -1.082729995250701904e-01
-2.958658151328563690e-02 8.313704133033752441e-01 2.842337489128112793e-01 -1.409123837947845459e-01 1.029772087931632996e-01 1.538585871458053589e-01
5.083512663841247559e-01 4.410453140735626221e-03 9.298561215400695801e-01 1.845570057630538940e-01 -5.201152563095092773e-01 -8.780559524893760681e-03
-2.985554933547973633e-01 -8.225495219230651855e-01 -7.106787562370300293e-01 7.676468789577484131e-02 4.738490879535675049e-01 -1.135919839143753052e-01
-2.958658151328563690e-02 5.557171106338500977e-01 -7.784111499786376953e-01 -1.478024721145629883e-01 -1.536079794168472290e-01 6.171931698918342590e-02
-2.958658151328563690e-02 8.313704133033752441e-01 -1.095098733901977539e+00 -1.351652741432189941e-01 -1.955639757215976715e-02 1.215520352125167847e-01
-8.364933133125305176e-01 4.410453140735626221e-03 -1.069944024085998535e+00 3.400789573788642883e-03 1.239249110221862793e+00 1.766854338347911835e-02
-2.958658151328563690e-02 8.313704133033752441e-01 -1.253314495086669922e+00 -6.116442009806632996e-02 2.181593775749206543e-01 1.071273833513259888e-01
2.393823266029357910e-01 -8.225495219230651855e-01 1.713023424148559570e+00 1.051669418811798096e-01 -4.529496654868125916e-02 -1.281156241893768311e-01
-2.985554933547973633e-01 8.313704133033752441e-01 -1.333777427673339844e+00 -8.880072087049484253e-02 3.640006184577941895e-01 1.126901730895042419e-01
-2.958658151328563690e-02 8.313704133033752441e-01 -1.373024582862854004e+00 -1.251652985811233521e-01 -2.709079980850219727e-01 9.517287462949752808e-02
-5.675243735313415527e-01 -5.468961596488952637e-01 2.159347385168075562e-01 2.964700385928153992e-02 6.202712655067443848e-01 -6.321213394403457642e-02
-8.364933133125305176e-01 -5.468961596488952637e-01 -1.897799491882324219e+00 -3.408876946195960045e-03 1.298927307128906250e+00 -9.055274724960327148e-02
-2.985554933547973633e-01 2.800637781620025635e-01 -1.545220851898193359e+00 1.570999436080455780e-02 4.024053812026977539e-01 2.841561101377010345e-02
2.393823266029357910e-01 -8.225495219230651855e-01 9.445803761482238770e-01 8.338142931461334229e-02 -3.843272924423217773e-01 -1.148266866803169250e-01
-5.675243735313415527e-01 2.800637781620025635e-01 -1.559312462806701660e+00 5.567330121994018555e-02 9.464204311370849609e-01 3.835199400782585144e-02
-5.675243735313415527e-01 8.313704133033752441e-01 -1.079152107238769531e+00 -1.077290624380111694e-01 8.763559460639953613e-01 1.590598523616790771e-01
-2.958658151328563690e-02 -5.468961596488952637e-01 1.564110040664672852e+00 -6.325013935565948486e-02 4.021201655268669128e-02 -5.655736476182937622e-02
2.393823266029357910e-01 -5.468961596488952637e-01 1.871209144592285156e+00 1.585216671228408813e-01 -3.821873366832733154e-01 -1.002859473228454590e-01
7.773202061653137207e-01 5.557171106338500977e-01 1.501837491989135742e+00 7.376515306532382965e-03 -1.214810490608215332e+00 9.067859500646591187e-02
7.773202061653137207e-01 4.410453140735626221e-03 1.673173546791076660e+00 -1.771234273910522461e-01 -1.287472009658813477e+00 6.001008208841085434e-03
-5.675243735313415527e-01 8.313704133033752441e-01 -1.883650779724121094e+00 -1.824143230915069580e-01 8.114075660705566406e-01 1.418655514717102051e-01
2.393823266029357910e-01 -8.225495219230651855e-01 -9.905964136123657227e-02 3.152028843760490417e-02 -4.003382325172424316e-01 -1.090962961316108704e-01
-2.958658151328563690e-02 -8.225495219230651855e-01 -8.694280385971069336e-01 1.543273776769638062e-01 -2.224047929048538208e-01 -1.493567973375320435e-01
2.393823266029357910e-01 5.557171106338500977e-01 -5.982892513275146484e-01 -1.242192015051841736e-01 -4.747281074523925781e-01 7.048874348402023315e-02
7.773202061653137207e-01 5.557171106338500977e-01 1.834522604942321777e+00 -1.389483213424682617e-01 -1.516661524772644043e+00 5.900515615940093994e-02
2.393823266029357910e-01 8.313704133033752441e-01 1.163405299186706543e+00 -1.765005737543106079e-01 -1.263850182294845581e-01 9.753756225109100342e-02
-8.364933133125305176e-01 -8.225495219230651855e-01 -1.612615823745727539e+00 1.145310401916503906e-01 1.464133501052856445e+00 -1.372121274471282959e-01
-2.958658151328563690e-02 2.800637781620025635e-01 1.298922777175903320e+00 4.742520302534103394e-02 -5.687456205487251282e-02 6.072938069701194763e-02
-2.985554933547973633e-01 8.313704133033752441e-01 8.051510453224182129e-01 -6.798969954252243042e-02 3.860698938369750977e-01 1.361421793699264526e-01
-8.364933133125305176e-01 5.557171106338500977e-01 -2.852280735969543457e-01 -7.381271570920944214e-02 1.129570364952087402e+00 5.655499175190925598e-02
-2.958658151328563690e-02 4.410453140735626221e-03 -6.736939549446105957e-01 1.531027108430862427e-01 1.130126044154167175e-01 1.139819528907537460e-02
-2.958658151328563690e-02 5.557171106338500977e-01 3.781175017356872559e-01 -1.539907306432723999e-01 7.535907626152038574e-02 7.506101578474044800e-02
-5.675243735313415527e-01 -2.712428867816925049e-01 -1.919570416212081909e-01 -1.517085880041122437e-01 8.392815589904785156e-01 -9.710513055324554443e-03
-2.958658151328563690e-02 -2.712428867816925049e-01 1.555233597755432129e-01 1.258556544780731201e-01 -1.362797468900680542e-01 -4.559050500392913818e-02
-5.675243735313415527e-01 2.800637781620025635e-01 -3.566351830959320068e-01 -8.702681958675384521e-02 6.111106872558593750e-01 2.946412749588489532e-02
7.773202061653137207e-01 -2.712428867816925049e-01 1.753687620162963867e+00 3.514567390084266663e-02 -1.257487535476684570e+00 -3.975265845656394958e-02
2.393823266029357910e-01 -2.712428867816925049e-01 -4.501158893108367920e-01 1.066965013742446899e-01 -3.939110040664672852e-01 -4.030990973114967346e-02
-2.985554933547973633e-01 8.313704133033752441e-01 -4.780547022819519043e-01 -1.549069732427597046e-01 5.082790255546569824e-01 9.717065840959548950e-02
-2.985554933547973633e-01 4.410453140735626221e-03 -5.928215980529785156e-01 6.928693503141403198e-02 4.370917975902557373e-01 3.996230661869049072e-03
-2.958658151328563690e-02 -8.225495219230651855e-01 -3.904981017112731934e-01 1.802046298980712891e-01 -1.929271519184112549e-01 -1.568651348352432251e-01
-2.985554933547973633e-01 -8.225495219230651855e-01 1.548107117414474487e-01 1.104823723435401917e-01 4.814309477806091309e-01 -1.100889071822166443e-01
-5.675243735313415527e-01 -2.712428867816925049e-01 -5.555887818336486816e-01 -7.261463999748229980e-02 6.470487713813781738e-01 -2.969197370111942291e-02
5.083512663841247559e-01 -2.712428867816925049e-01 9.042870253324508667e-02 1.617102622985839844e-01 -7.598502635955810547e-01 -4.100266844034194946e-02
-8.364933133125305176e-01 -2.712428867816925049e-01 -1.704545140266418457e+00 1.857393980026245117e-01 1.214515566825866699e+00 -5.650167539715766907e-02
2.393823266029357910e-01 -8.225495219230651855e-01 5.638035014271736145e-02 1.227267682552337646e-01 -3.118872642517089844e-01 -1.163272857666015625e-01
5.083512663841247559e-01 2.800637781620025635e-01 1.787731409072875977e+00 5.189926177263259888e-02 -6.704915165901184082e-01 4.129387438297271729e-02
5.083512663841247559e-01 2.800637781620025635e-01 1.573577880859375000e+00 -1.528930068016052246e-01 -6.473124623298645020e-01 2.578888647258281708e-02
-2.958658151328563690e-02 -8.225495219230651855e-01 1.638098120689392090e+00 1.394288837909698486e-01 -4.233062267303466797e-02 -1.074452102184295654e-01
-8.364933133125305176e-01 5.557171106338500977e-01 -1.938416600227355957e+00 -1.011706814169883728e-01 1.720538973808288574e+00 8.627494424581527710e-02
-8.364933133125305176e-01 -5.468961596488952637e-01 -4.437458217144012451e-01 1.867599487304687500e-01 1.150547027587890625e+00 -7.831639796495437622e-02
-5.675243735313415527e-01 -2.712428867816925049e-01 3.112723305821418762e-02 1.173698231577873230e-01 8.544895648956298828e-01 -2.543709054589271545e-02
5.083512663841247559e-01 4.410453140735626221e-03 1.974391192197799683e-01 1.307162940502166748e-01 -6.236053705215454102e-01 1.441310346126556396e-02
7.773202061653137207e-01 4.410453140735626221e-03 1.275841951370239258e+00 5.913540348410606384e-02 -1.148328423500061035e+00 -1.103195454925298691e-02
-2.958658151328563690e-02 8.313704133033752441e-01 -5.531985759735107422e-01 -1.580499112606048584e-01 1.565298438072204590e-01 1.529308855533599854e-01
7.773202061653137207e-01 8.313704133033752441e-01 1.814470529556274414e+00 -1.935467422008514404e-01 -1.118420243263244629e+00 8.603635430335998535e-02
2.393823266029357910e-01 -5.468961596488952637e-01 1.386980295181274414e+00 1.019350215792655945e-01 -3.835600018501281738e-01 -1.010144948959350586e-01
7.773202061653137207e-01 5.557171106338500977e-01 1.732884287834167480e+00 9.083587792702019215e-04 -1.801019549369812012e+00 7.997135818004608154e-02
-5.675243735313415527e-01 2.800637781620025635e-01 -5.547949299216270447e-02 -8.648813515901565552e-02 9.040204286575317383e-01 4.968971386551856995e-02
-5.675243735313415527e-01 8.313704133033752441e-01 4.596958160400390625e-01 -1.936905384063720703e-01 7.340967059135437012e-01 1.260146051645278931e-01
-8.364933133125305176e-01 -2.712428867816925049e-01 -1.812180519104003906e+00 -1.266275793313980103e-01 1.835504531860351562e+00 -9.848168119788169861e-03
-5.675243735313415527e-01 2.800637781620025635e-01 2.062043100595474243e-01 -1.326861698180437088e-02 7.746303081512451172e-01 3.057032823562622070e-02
-8.364933133125305176e-01 4.410453140735626221e-03 -1.805541753768920898e+00 1.863087415695190430e-01 1.830394268035888672e+00 7.212677039206027985e-03
2.393823266029357910e-01 4.410453140735626221e-03 5.545496940612792969e-01 1.678590923547744751e-01 -1.715468317270278931e-01 1.512458175420761108e-02
-5.675243735313415527e-01 -2.712428867816925049e-01 -1.012029886245727539e+00 -1.325470805168151855e-01 8.449976444244384766e-01 -2.641022577881813049e-02
2.393823266029357910e-01 -8.225495219230651855e-01 1.374942660331726074e-01 1.939251273870468140e-02 -3.527068495750427246e-01 -1.026124358177185059e-01
5.083512663841247559e-01 5.557171106338500977e-01 1.285163462162017822e-01 -6.021549552679061890e-02 -9.460337162017822266e-01 8.369231224060058594e-02
-5.675243735313415527e-01 2.800637781620025635e-01 5.305217579007148743e-02 5.014362186193466187e-02 7.885835766792297363e-01 5.506544932723045349e-02
-2.958658151328563690e-02 4.410453140735626221e-03 -1.655209302902221680e+00 1.014395430684089661e-01 1.572737246751785278e-01 -2.136922813951969147e-02
-5.675243735313415527e-01 4.410453140735626221e-03 -3.797733187675476074e-01 2.287282608449459076e-02 6.557024121284484863e-01 4.553058650344610214e-03
-2.985554933547973633e-01 5.557171106338500977e-01 -1.874280333518981934e+00 -1.080865487456321716e-01 4.689059555530548096e-01 8.632272481918334961e-02
-2.958658151328563690e-02 -2.712428867816925049e-01 -1.804528474807739258e+00 4.581034556031227112e-02 8.461346477270126343e-02 -5.308544635772705078e-02
-5.675243735313415527e-01 4.410453140735626221e-03 -1.672692894935607910e+00 -1.150642633438110352e-01 9.151058197021484375e-01 1.281023677438497543e-02
-5.675243735313415527e-01 -2.712428867816925049e-01 -1.066396713256835938e+00 -4.582630842924118042e-02 9.722735881805419922e-01 -3.838709741830825806e-02
2.393823266029357910e-01 -8.225495219230651855e-01 1.794047832489013672e+00 1.482882499694824219e-01 -2.771506309509277344e-01 -1.505782604217529297e-01
-5.675243735313415527e-01 4.410453140735626221e-03 -1.904864549636840820e+00 5.938902497291564941e-02 8.277412652969360352e-01 1.270477846264839172e-02
-2.958658151328563690e-02 5.557171106338500977e-01 -1.190673708915710449e+00 -1.886503547430038452e-01 1.980147659778594971e-01 6.149633228778839111e-02
5.083512663841247559e-01 8.313704133033752441e-01 1.762675046920776367e+00 -1.936113089323043823e-01 -6.739193201065063477e-01 1.264954805374145508e-01
-5.675243735313415527e-01 -2.712428867816925049e-01 -1.886947393417358398e+00 2.387342229485511780e-02 1.030320048332214355e+00 -1.555859018117189407e-02
7.773202061653137207e-01 5.557171106338500977e-01 1.687283873558044434e+00 -3.111418336629867554e-02 -1.650169372558593750e+00 9.695047140121459961e-02
-2.985554933547973633e-01 -5.468961596488952637e-01 -1.943850636482238770e+00 -4.098831117153167725e-02 4.505405128002166748e-01 -4.822348803281784058e-02
-8.364933133125305176e-01 4.410453140735626221e-03 -5.181708931922912598e-01 1.522561013698577881e-01 1.038387656211853027e+00 -8.193098008632659912e-03
-5.675243735313415527e-01 -2.712428867816925049e-01 -1.918812036514282227e+00 1.285306960344314575e-01 8.621450662612915039e-01 -2.493979968130588531e-02
-2.958658151328563690e-02 4.410453140735626221e-03 -6.754150390625000000e-01 -9.542737901210784912e-02 -2.266589850187301636e-01 -4.649926908314228058e-03
-5.675243735313415527e-01 8.313704133033752441e-01 -1.939159512519836426e+00 -1.906630098819732666e-01 1.156647324562072754e+00 2.021564841270446777e-01
7.773202061653137207e-01 4.410453140735626221e-03 7.435580492019653320e-01 1.956679485738277435e-02 -9.481540918350219727e-01 1.550699584186077118e-02
2.393823266029357910e-01 -2.712428867816925049e-01 8.000128865242004395e-01 -8.508919179439544678e-02 -1.669049710035324097e-01 -4.304204881191253662e-02
-5.675243735313415527e-01 -5.468961596488952637e-01 -7.145727872848510742e-01 3.403793275356292725e-02 9.730510711669921875e-01 -9.543444216251373291e-02
-8.364933133125305176e-01 4.410453140735626221e-03 -9.703116416931152344e-01 1.670355051755905151e-01 1.333009719848632812e+00 1.437957864254713058e-02
7.773202061653137207e-01 -2.712428867816925049e-01 1.657191038131713867e+00 -3.318982571363449097e-02 -1.820586204528808594e+00 -4.294881597161293030e-02
-2.985554933547973633e-01 2.800637781620025635e-01 1.127969861030578613e+00 4.506859183311462402e-02 1.576488018035888672e-01 4.261348024010658264e-02
-2.958658151328563690e-02 -8.225495219230651855e-01 5.148960351943969727e-01 9.774364531040191650e-02 1.777050085365772247e-02 -1.138776987791061401e-01
-8.364933133125305176e-01 2.800637781620025635e-01 -1.367959737777709961e+00 -8.862584084272384644e-02 1.292817234992980957e+00 4.698289185762405396e-02
-2.985554933547973633e-01 8.313704133033752441e-01 7.555643469095230103e-02 -1.111814379692077637e-01 2.472848892211914062e-01 1.162081584334373474e-01
-5.675243735313415527e-01 -2.712428867816925049e-01 -2.637813091278076172e-01 -9.849983453750610352e-02 9.701242446899414062e-01 -4.025119915604591370e-02
7.773202061653137207e-01 -2.712428867816925049e-01 1.826193928718566895e+00 -5.558564886450767517e-02 -9.404858350753784180e-01 -4.586164280772209167e-02
5.083512663841247559e-01 -2.712428867816925049e-01 5.811693072319030762e-01 6.722586601972579956e-02 -6.697335839271545410e-01 -2.515763975679874420e-02
-8.364933133125305176e-01 2.800637781620025635e-01 -1.489841222763061523e+00 -5.020653828978538513e-02 1.449398398399353027e+00 4.357692599296569824e-02
-8.364933133125305176e-01 5.557171106338500977e-01 -1.874846816062927246e+00 -1.945209354162216187e-01 1.491826295852661133e+00 5.457717180252075195e-02
-8.364933133125305176e-01 -2.712428867816925049e-01 -1.174713611602783203e+00 8.544920384883880615e-02 1.503851771354675293e+00 -3.786861523985862732e-02
-8.364933133125305176e-01 -8.225495219230651855e-01 -1.283020615577697754e+00 9.016484767198562622e-02 1.255440235137939453e+00 -1.008190885186195374e-01
-2.985554933547973633e-01 -8.225495219230651855e-01 -1.545615434646606445e+00 1.553132086992263794e-01 6.452957987785339355e-01 -1.375587880611419678e-01
2.393823266029357910e-01 4.410453140735626221e-03 1.803928375244140625e+00 1.418485641479492188e-01 -3.098935782909393311e-01 1.855565421283245087e-02
-2.958658151328563690e-02 -8.225495219230651855e-01 -1.860328435897827148e+00 9.944822639226913452e-02 1.057744547724723816e-01 -1.450711488723754883e-01
-5.675243735313415527e-01 2.800637781620025635e-01 4.213276803493499756e-01 -1.742833852767944336e-01 7.717792391777038574e-01 4.085666686296463013e-02
-2.985554933547973633e-01 -5.468961596488952637e-01 2.143954038619995117e-01 3.391799330711364746e-02 3.716208338737487793e-01 -6.599830090999603271e-02
-8.364933133125305176e-01 -2.712428867816925049e-01 -1.513096570968627930e+00 -1.200391352176666260e-01 1.350819706916809082e+00 -9.331709705293178558e-03
-2.958658151328563690e-02 8.313704133033752441e-01 -1.627767443656921387e+00 -1.034237369894981384e-01 4.570769146084785461e-03 1.566144824028015137e-01
-2.958658151328563690e-02 8.313704133033752441e-01 -5.624992847442626953e-01 -1.689969003200531006e-01 -2.032148540019989014e-01 1.592213064432144165e-01
-2.985554933547973633e-01 -5.468961596488952637e-01 2.139006741344928741e-02 1.334429159760475159e-02 3.636430203914642334e-01 -6.169686466455459595e-02
-8.364933133125305176e-01 5.557171106338500977e-01 -1.381328344345092773e+00 -1.521572172641754150e-01 1.152660489082336426e+00 6.910741329193115234e-02
2.393823266029357910e-01 -2.712428867816925049e-01 -8.817241787910461426e-01 2.793282456696033478e-02 -4.700827598571777344e-01 -5.180438235402107239e-02
-8.364933133125305176e-01 5.557171106338500977e-01 -1.934340119361877441e+00 -1.718639433383941650e-01 1.704419851303100586e+00 8.142127841711044312e-02
-5.675243735313415527e-01 8.313704133033752441e-01 -6.514082551002502441e-01 -1.822794079780578613e-01 8.824995756149291992e-01 1.172947138547897339e-01
2.393823266029357910e-01 8.313704133033752441e-01 1.521390676498413086e+00 -1.548239737749099731e-01 -2.325241118669509888e-01 1.782733798027038574e-01
-2.985554933547973633e-01 2.800637781620025635e-01 -3.648915514349937439e-02 7.685277611017227173e-02 5.554080009460449219e-01 3.252109140157699585e-02
5.083512663841247559e-01 -8.225495219230651855e-01 5.840398371219635010e-03 1.424233019351959229e-01 -8.285230398178100586e-01 -1.685903668403625488e-01
5.083512663841247559e-01 -5.468961596488952637e-01 1.620857954025268555e+00 5.210802331566810608e-02 -5.799705982208251953e-01 -6.053972244262695312e-02
7.773202061653137207e-01 8.313704133033752441e-01 1.652437329292297363e+00 -1.923639625310897827e-01 -1.159563302993774414e+00 2.043297290802001953e-01
-2.958658151328563690e-02 4.410453140735626221e-03 -1.600826382637023926e+00 4.979043826460838318e-02 1.416950225830078125e-01 -6.514148321002721786e-03
7.773202061653137207e-01 4.410453140735626221e-03 1.648702979087829590e+00 -2.771904133260250092e-02 -1.639782905578613281e+00 -1.133432425558567047e-02
5.083512663841247559e-01 -8.225495219230651855e-01 -1.945247352123260498e-01 1.681541055440902710e-01 -6.799172759056091309e-01 -1.509301513433456421e-01
-2.985554933547973633e-01 8.313704133033752441e-01 -1.067113876342773438e+00 -1.417855918407440186e-01 4.178680181503295898e-01 1.495105773210525513e-01
-2.985554933547973633e-01 5.557171106338500977e-01 -4.865964651107788086e-01 -3.702709078788757324e-02 3.292372822761535645e-01 8.490333706140518188e-02
-5.675243735313415527e-01 2.800637781620025635e-01 4.473697841167449951e-01 -5.684223398566246033e-02 6.941912174224853516e-01 3.621914610266685486e-02
7.773202061653137207e-01 -8.225495219230651855e-01 1.665486693382263184e+00 3.644409356638789177e-03 -9.552907347679138184e-01 -9.767276048660278320e-02
-2.985554933547973633e-01 -8.225495219230651855e-01 1.451861262321472168e+00 1.895524412393569946e-01 1.279122084379196167e-01 -1.464690268039703369e-01
-2.985554933547973633e-01 -2.712428867816925049e-01 -2.492980211973190308e-01 1.198546588420867920e-01 3.743545711040496826e-01 -4.609220102429389954e-02
2.393823266029357910e-01 4.410453140735626221e-03 1.812693595886230469e+00 4.215583205223083496e-02 -3.417079448699951172e-01 -1.386840268969535828e-02
2.393823266029357910e-01 2.800637781620025635e-01 1.620773673057556152e+00 -4.863208532333374023e-02 -2.108687907457351685e-01 4.460928216576576233e-02
7.773202061653137207e-01 -8.225495219230651855e-01 1.415162444114685059e+00 1.890349239110946655e-01 -1.174836874008178711e+00 -1.380717009305953979e-01
2.393823266029357910e-01 8.313704133033752441e-01 -1.000582799315452576e-01 -2.667232044041156769e-02 -1.968381851911544800e-01 1.013472452759742737e-01
-8.364933133125305176e-01 -8.225495219230651855e-01 -1.357824206352233887e+00 1.293771266937255859e-01 1.314525485038757324e+00 -1.079037785530090332e-01
-8.364933133125305176e-01 5.557171106338500977e-01 -1.304956436157226562e+00 -2.153208293020725250e-02 1.205734968185424805e+00 7.922926545143127441e-02
-2.958658151328563690e-02 -2.712428867816925049e-01 1.025223731994628906e+00 1.746700853109359741e-01 1.616907306015491486e-02 -3.122278675436973572e-02
2.393823266029357910e-01 -2.712428867816925049e-01 -8.865619897842407227e-01 7.164739817380905151e-02 -3.755919337272644043e-01 -4.962997511029243469e-02
-8.364933133125305176e-01 -2.712428867816925049e-01 -1.765848994255065918e+00 6.479261908680200577e-03 1.702319264411926270e+00 -3.479966893792152405e-02
-5.675243735313415527e-01 4.410453140735626221e-03 -1.497291207313537598e+00 5.399596318602561951e-02 9.502623081207275391e-01 -1.081315707415342331e-02
-8.364933133125305176e-01 2.800637781620025635e-01 -8.944659829139709473e-01 -6.087264046072959900e-03 1.182375431060791016e+00 3.468837216496467590e-02
-5.675243735313415527e-01 -5.468961596488952637e-01 3.744190633296966553e-01 6.577601283788681030e-02 7.796024084091186523e-01 -9.070286154747009277e-02
7.773202061653137207e-01 5.557171106338500977e-01 1.674410700798034668e+00 -5.454073101282119751e-02 -1.426098227500915527e+00 7.566303759813308716e-02
-2.985554933547973633e-01 2.800637781620025635e-01 -1.885768771171569824e+00 -8.741924911737442017e-02 4.057004153728485107e-01 3.419210389256477356e-02
7.773202061653137207e-01 2.800637781620025635e-01 6.679810881614685059e-01 6.125390529632568359e-02 -1.208428621292114258e+00 3.254175931215286255e-02
-2.958658151328563690e-02 2.800637781620025635e-01 3.502494990825653076e-01 -4.877316951751708984e-02 9.684170037508010864e-02 3.111821971833705902e-02
2.393823266029357910e-01 5.557171106338500977e-01 3.507788479328155518e-01 -5.914000421762466431e-02 -3.631417453289031982e-01 5.781153962016105652e-02
5.083512663841247559e-01 2.800637781620025635e-01 1.761415004730224609e+00 -1.598433405160903931e-01 -7.884957194328308105e-01 3.420158848166465759e-02
-2.958658151328563690e-02 8.313704133033752441e-01 -2.027363628149032593e-01 -1.104179099202156067e-01 -1.860455572605133057e-01 1.512267291545867920e-01
5.083512663841247559e-01 8.313704133033752441e-01 1.804105006158351898e-02 -1.166880056262016296e-01 -9.526101350784301758e-01 1.382625550031661987e-01
-5.675243735313415527e-01 -5.468961596488952637e-01 -1.726148843765258789e+00 -4.797557741403579712e-02 9.096317291259765625e-01 -5.031019449234008789e-02
-5.675243735313415527e-01 -2.712428867816925049e-01 -1.667689442634582520e+00 1.051373556256294250e-01 7.397161722183227539e-01 -5.322726070880889893e-02
-8.364933133125305176e-01 8.313704133033752441e-01 -1.904762506484985352e+00 -8.655687421560287476e-02 1.485822796821594238e+00 1.457964032888412476e-01
5.083512663841247559e-01 8.313704133033752441e-01 1.363097310066223145e+00 -1.328513473272323608e-01 -6.344647407531738281e-01 1.578919440507888794e-01
2.393823266029357910e-01 -2.712428867816925049e-01 4.579268991947174072e-01 1.102901548147201538e-01 -1.601370573043823242e-01 -4.811884090304374695e-02
-2.958658151328563690e-02 -8.225495219230651855e-01 -3.500658869743347168e-01 8.265897631645202637e-02 2.069031149148941040e-01 -1.124899014830589294e-01
-8.364933133125305176e-01 4.410453140735626221e-03 -1.606321811676025391e+00 1.330905109643936157e-01 1.376238226890563965e+00 2.007120754569768906e-03
7.773202061653137207e-01 -2.712428867816925049e-01 4.269568920135498047e-01 1.422492563724517822e-01 -1.108032584190368652e+00 -5.669797956943511963e-02
7.773202061653137207e-01 -5.468961596488952637e-01 1.779406666755676270e+00 8.159421384334564209e-02 -1.328349590301513672e+00 -9.783814847469329834e-02
-8.364933133125305176e-01 5.557171106338500977e-01 -1.229534864425659180e+00 -1.141770705580711365e-01 1.470233798027038574e+00 6.059253960847854614e-02
5.083512663841247559e-01 4.410453140735626221e-03 1.291954398155212402e+00 -3.698477894067764282e-02 -6.938859820365905762e-01 8.873735554516315460e-03
