0.000000000000000000e+00 -2.000000000000000000e+00 2.538324443959197652e+00 6.607183905598361662e+00 -1.141018515146523526e-01 -1.278117899537756230e+01
0.000000000000000000e+00 1.000000000000000000e+00 2.411400445626477484e+00 -5.677730578071258805e+00 -7.595706595642770509e-02 3.603832964644079873e+00
1.000000000000000000e+00 0.000000000000000000e+00 2.670355315327839207e+00 6.566502795821623550e+00 -4.877129174170846682e-01 1.921702478811155856e-01
0.000000000000000000e+00 0.000000000000000000e+00 1.962376904351431639e+00 9.025569761524110390e-01 -1.520144199889872372e-01 -6.144123626346154055e-01
1.000000000000000000e+00 -1.000000000000000000e+00 3.143456998949999637e+00 -4.162490687319311711e+00 -3.011791657801130562e-01 -2.215105074006243235e+00
0.000000000000000000e+00 2.000000000000000000e+00 2.571187676285441981e+00 -6.671938720038586013e+00 2.289646291897904362e-01 8.781548309631112659e+00
-1.000000000000000000e+00 1.000000000000000000e+00 1.956369932983077931e+00 1.784994523624048313e-01 9.037506600393392375e-01 4.953571342598652727e+00
1.000000000000000000e+00 0.000000000000000000e+00 2.485822629697016062e+00 2.901541924976653419e+00 -5.999848865330159597e-01 4.176091870172804477e-01
-1.000000000000000000e+00 0.000000000000000000e+00 2.297831194972085100e+00 -2.967149000963219763e+00 5.086328625454834551e-01 -2.161946495685372227e+00
0.000000000000000000e+00 -1.000000000000000000e+00 2.330988623175496599e+00 2.208641034316462637e+00 2.236615176379883607e-01 -4.483374778096239410e+00
1.000000000000000000e+00 -1.000000000000000000e+00 3.244031999454968229e+00 4.197080399379196081e+00 -6.356352423903004478e-01 -8.500420713918778404e+00
-1.000000000000000000e+00 -1.000000000000000000e+00 2.421600570033334954e+00 -2.757677492947507858e+00 6.276878793520954680e-01 -2.491081402260663324e+00
0.000000000000000000e+00 1.000000000000000000e+00 2.973352179497905201e+00 6.273427650745668771e-01 1.756253794990225714e-03 6.110666925689236528e+00
0.000000000000000000e+00 -2.000000000000000000e+00 2.368824912911185798e+00 4.563376615304447270e+00 1.539281095714080116e-01 -1.111311001255531039e+01
1.000000000000000000e+00 -1.000000000000000000e+00 3.014324739832247246e+00 5.049478082042741178e+00 -4.199734885917982830e-01 -8.260774452839942938e+00
-1.000000000000000000e+00 -1.000000000000000000e+00 2.350608626371280874e+00 -3.630304210213619598e-01 4.800873576613491345e-01 -5.395419647386564321e+00
-1.000000000000000000e+00 1.000000000000000000e+00 2.153786393329113036e+00 -6.113193803792029257e+00 7.358492846015032285e-01 5.231659812684156030e+00
1.000000000000000000e+00 2.000000000000000000e+00 2.239425857061946079e+00 -4.461595661769134580e+00 -3.474078715304007581e-01 8.203490043497614792e+00
-2.000000000000000000e+00 2.000000000000000000e+00 1.934197160316387443e+00 -2.645456423086477216e+00 1.236551699235132862e+00 7.857813011584633855e+00
1.000000000000000000e+00 0.000000000000000000e+00 2.920232689869033837e+00 2.649197511533690985e+00 -5.457155004509846030e-01 -6.263602064449624862e-01
-2.000000000000000000e+00 0.000000000000000000e+00 2.212360436598840518e+00 -5.709659216826853623e+00 1.022127084237096195e+00 7.145524817240715976e-01
-2.000000000000000000e+00 1.000000000000000000e+00 1.769014992895300065e+00 -5.344879678563903447e+00 1.293961855362723234e+00 4.162068434866054822e+00
2.000000000000000000e+00 0.000000000000000000e+00 3.057416498336504418e+00 -2.745882095945566981e+00 -1.106808785322417776e+00 -1.386574588795457252e+00
-1.000000000000000000e+00 0.000000000000000000e+00 2.621236179044192927e+00 -6.315486064071365035e+00 5.824183828508702199e-01 2.704900365893934122e-01
1.000000000000000000e+00 -2.000000000000000000e+00 3.123577042162918982e+00 5.779804489707196069e+00 -6.542018093731432060e-01 -1.201725216270341079e+01
-2.000000000000000000e+00 -1.000000000000000000e+00 1.751036063209412630e+00 -3.229944024995401008e+00 1.030809409706793689e+00 -3.573601507420239187e+00
-2.000000000000000000e+00 0.000000000000000000e+00 2.216010479814381817e+00 4.692450115776068742e+00 1.018145552646220864e+00 -2.112345909387443044e+00
-1.000000000000000000e+00 1.000000000000000000e+00 2.737534914012302867e+00 -6.208920050084888231e+00 4.250958023596260738e-01 6.074355938003105138e+00
-1.000000000000000000e+00 1.000000000000000000e+00 2.295412529861498463e+00 -1.397605050840298624e+00 7.635202385551211890e-01 4.337632330744479070e+00
1.000000000000000000e+00 -2.000000000000000000e+00 2.687164798913512342e+00 3.247176887596424422e+00 -3.918174261252378443e-01 -8.805259562909679261e+00
0.000000000000000000e+00 -1.000000000000000000e+00 2.935676545079207500e+00 2.806709882994523397e+00 -1.300346166284072069e-01 -7.531805758207659629e+00
0.000000000000000000e+00 -2.000000000000000000e+00 2.554183003285466658e+00 2.223135004466206155e+00 2.257653779953514572e-01 -9.208828535157167039e+00
0.000000000000000000e+00 0.000000000000000000e+00 1.808422375696137063e+00 -6.678314544226578775e+00 1.384865380597772866e-01 1.502828655469194530e+00
1.000000000000000000e+00 0.000000000000000000e+00 2.833424487708722683e+00 -6.436390521520311658e+00 -4.661406714790108374e-01 1.651407392340541236e+00
0.000000000000000000e+00 -2.000000000000000000e+00 2.264781615725425468e+00 4.589653504722919664e+00 -2.773859180389524060e-01 -1.152722732027748620e+01
1.000000000000000000e+00 -1.000000000000000000e+00 2.906778161678224670e+00 3.587234740983777925e-01 -5.571756073878280091e-01 -5.770593029362671267e+00
-1.000000000000000000e+00 1.000000000000000000e+00 2.229864550466206907e+00 -5.373136326602491408e+00 3.675559352205231001e-01 5.350379787845768398e+00
-1.000000000000000000e+00 1.000000000000000000e+00 2.576103652961555746e+00 -2.390413773915240014e+00 5.494039280746396692e-01 3.623458531964782736e+00
1.000000000000000000e+00 1.000000000000000000e+00 2.490957589581096698e+00 -4.266876908861957141e+00 -5.420130423919795604e-01 3.857875786029633325e+00
-2.000000000000000000e+00 -1.000000000000000000e+00 2.070389725507900014e+00 5.303052062950859735e+00 1.116866045877695779e+00 -5.206922400747052038e+00
0.000000000000000000e+00 -1.000000000000000000e+00 1.975183780901650366e+00 5.490497137962870866e-01 -5.194941184247214849e-02 -5.999654321744953833e+00
2.000000000000000000e+00 -1.000000000000000000e+00 3.071895090529236594e+00 4.710940233959863832e+00 -8.538012597585300512e-01 -5.326211045326143534e+00
-1.000000000000000000e+00 0.000000000000000000e+00 2.283277561246437770e+00 -1.893088640725783200e+00 6.213748865854240577e-01 1.537285270996956221e+00
2.000000000000000000e+00 1.000000000000000000e+00 3.004114660254498581e+00 5.917863851925790897e-01 -1.041171775925407772e+00 4.040035110029513987e+00
-1.000000000000000000e+00 0.000000000000000000e+00 1.786389178206476913e+00 -2.579849257550474562e+00 5.232605496775883935e-01 -1.048828246876185588e-01
-2.000000000000000000e+00 0.000000000000000000e+00 2.108905399903635125e+00 -3.834794944446203058e+00 9.723028055218221333e-01 -8.773208628730864156e-01
0.000000000000000000e+00 1.000000000000000000e+00 2.254883311472259511e+00 -6.164664437390413809e+00 -2.291219813652003445e-01 6.654270994245070625e+00
0.000000000000000000e+00 0.000000000000000000e+00 2.515086861125457318e+00 1.272134600936711379e+00 1.101796255255704793e-01 -7.636749648095380039e-01
1.000000000000000000e+00 0.000000000000000000e+00 2.893628391431427360e+00 -5.064285045564543175e+00 -5.482384525222552263e-01 -7.142825149646805372e-01
-2.000000000000000000e+00 -1.000000000000000000e+00 1.977691298220490168e+00 2.423115142147818091e+00 1.091538031516074536e+00 -5.141388017012621603e+00
1.000000000000000000e+00 1.000000000000000000e+00 2.772671910887326341e+00 -4.455178651788959776e+00 -3.982451621856606394e-01 2.344135063916396255e+00
0.000000000000000000e+00 -1.000000000000000000e+00 3.143425051106215840e+00 4.852398262155737996e+00 -5.951892626193533431e-02 -8.927262001649625134e+00
0.000000000000000000e+00 -1.000000000000000000e+00 2.571116085573029508e+00 -4.109213791391639781e+00 -5.925803942878715702e-02 -2.473637809812310628e+00
-1.000000000000000000e+00 1.000000000000000000e+00 2.372165933782165226e+00 -1.364276613991257214e+00 3.879603222063119361e-01 7.239530345768479869e+00
1.000000000000000000e+00 0.000000000000000000e+00 2.940962994224009641e+00 6.152004813221831014e+00 -2.931908091853472342e-01 -1.503708548836543812e+00
1.000000000000000000e+00 0.000000000000000000e+00 2.866826792540984492e+00 -3.346976201740931245e+00 -5.983298555213338865e-01 -3.162669095069805536e-01
2.000000000000000000e+00 1.000000000000000000e+00 3.230497764424629104e+00 -3.058423055390195877e+00 -8.009190540217843157e-01 3.322521488676438928e+00
-1.000000000000000000e+00 1.000000000000000000e+00 1.809651165451253929e+00 -5.839978288114237692e+00 5.448508285541751039e-01 3.412878495180783567e+00
0.000000000000000000e+00 0.000000000000000000e+00 3.204430651849479172e+00 -3.219586142552639974e+00 -3.509392390090626535e-02 -1.256210527166171875e+00
0.000000000000000000e+00 0.000000000000000000e+00 2.933254279265433251e+00 1.684651696868940007e+00 -1.369662366285067101e-01 -2.402778880553145591e+00
2.000000000000000000e+00 0.000000000000000000e+00 2.876007746062717807e+00 5.903656650937977091e+00 -1.037387348276332277e+00 -6.627789971450681605e-02
0.000000000000000000e+00 1.000000000000000000e+00 2.520842409710621901e+00 -1.839430713761857739e+00 1.083412759370583345e-01 7.696158651317227317e+00
-2.000000000000000000e+00 0.000000000000000000e+00 1.987346004084382223e+00 2.914822953351958290e+00 1.092319696463848633e+00 3.134090091371753317e+00
1.000000000000000000e+00 2.000000000000000000e+00 2.442667365641212562e+00 -2.856229343774637108e+00 -3.731531964516587863e-01 9.288839592984469817e+00
2.000000000000000000e+00 0.000000000000000000e+00 3.009108220527481503e+00 -2.733172354289587602e+00 -9.124172947662021471e-01 7.556686146202178378e-01
2.000000000000000000e+00 0.000000000000000000e+00 2.841796494840697296e+00 3.778439724820490397e+00 -9.876270901676855729e-01 -1.894364182669004748e+00
0.000000000000000000e+00 2.000000000000000000e+00 2.453175541892516964e+00 -4.903392681902110972e+00 -1.390978500004265150e-01 7.991390000240476077e+00
-1.000000000000000000e+00 1.000000000000000000e+00 1.822701479852102402e+00 -5.604840531707823814e+00 7.203295773755691300e-01 5.090158587244930644e+00
-1.000000000000000000e+00 0.000000000000000000e+00 2.769749329102141555e+00 6.037051486376929788e+00 2.382548087395961467e-01 -2.082606673321025781e+00
0.000000000000000000e+00 0.000000000000000000e+00 2.329870129702007908e+00 2.555571721199610735e+00 2.792361888492544963e-01 -1.818333205474686132e+00
1.000000000000000000e+00 -2.000000000000000000e+00 3.173250232669926341e+00 6.735462607708111449e+00 -5.776392653138704425e-01 -1.027471500831511264e+01
0.000000000000000000e+00 -1.000000000000000000e+00 2.252584973655168632e+00 -3.900740668732915140e+00 -2.961158079543051436e-01 -2.512790738053608308e+00
0.000000000000000000e+00 0.000000000000000000e+00 3.071365433977497617e+00 2.362930283472165272e+00 9.589987103318797779e-02 -1.183980804620546223e+00
1.000000000000000000e+00 -1.000000000000000000e+00 2.676166778743479746e+00 2.926192139334711229e+00 -3.234333111143654627e-01 -7.460346692245613198e+00
-1.000000000000000000e+00 0.000000000000000000e+00 2.669029414186968374e+00 -1.668090396629798633e+00 2.691183754095338720e-01 -1.483957243682612503e+00
1.000000000000000000e+00 1.000000000000000000e+00 2.472079811365314406e+00 -5.489299261878208824e-01 -6.579728063738368160e-01 7.364766543438019397e+00
-1.000000000000000000e+00 -1.000000000000000000e+00 2.808236216270910024e+00 4.669199737881656986e+00 3.769009440922137522e-01 -3.559614319889199407e+00
1.000000000000000000e+00 0.000000000000000000e+00 3.243294964558633531e+00 6.849636540694518771e+00 -3.785661231170265317e-01 -2.112954600676763661e+00
-1.000000000000000000e+00 0.000000000000000000e+00 1.894068217568815049e+00 6.135554210109152251e+00 9.111883341915130163e-01 -3.304177098959398151e+00
1.000000000000000000e+00 -2.000000000000000000e+00 2.348083518047044294e+00 5.861317744523264039e+00 -5.193198026200789297e-01 -1.160726638661762600e+01
-1.000000000000000000e+00 2.000000000000000000e+00 2.320438919713267989e+00 -3.212169864712382417e+00 7.255858124651148877e-01 7.912646901943672262e+00
1.000000000000000000e+00 1.000000000000000000e+00 2.861239540425537076e+00 -4.013877997044143164e+00 -5.095127274330617517e-01 6.771130833402087212e+00
0.000000000000000000e+00 0.000000000000000000e+00 2.536804661634268765e+00 -5.886001290463203972e+00 6.743831484784346131e-02 9.098151145640294146e-01
1.000000000000000000e+00 0.000000000000000000e+00 2.594004273360329460e+00 3.730169662442957446e+00 -7.391119874710905258e-01 1.754672415109448380e+00
-1.000000000000000000e+00 -1.000000000000000000e+00 2.295663769464532322e+00 1.635793415830953279e+00 6.505348437022915320e-01 -6.411664604049637006e+00
0.000000000000000000e+00 -1.000000000000000000e+00 2.012835317607421182e+00 6.158801874441062196e+00 -1.610338115304665862e-01 -7.782684602382896166e+00
1.000000000000000000e+00 -1.000000000000000000e+00 2.256018486180300098e+00 1.413230682390125281e-01 -4.725689888868558342e-01 -6.611429199224470921e+00
-2.000000000000000000e+00 0.000000000000000000e+00 2.087351626924473180e+00 2.735676032656993328e+00 1.104358241478795133e+00 8.469718778372712364e-01
0.000000000000000000e+00 -1.000000000000000000e+00 1.996837218988634977e+00 1.828546279182715395e+00 -3.735274164706181566e-02 -6.486605469786240974e+00
-1.000000000000000000e+00 0.000000000000000000e+00 2.102657577700057789e+00 3.642386147247993478e+00 3.887804993352657057e-01 2.914269897832575396e+00
1.000000000000000000e+00 1.000000000000000000e+00 3.172183840918914477e+00 1.449664027561059498e+00 -6.842343548534208786e-01 5.340411104859846603e+00
2.000000000000000000e+00 -1.000000000000000000e+00 2.996384330871348922e+00 2.725905208714694439e+00 -7.833349729386522853e-01 -3.373848366111296571e+00
0.000000000000000000e+00 -2.000000000000000000e+00 2.067096837512658158e+00 3.768907562146809553e+00 -2.004656769172852293e-01 -9.679171234457687234e+00
1.000000000000000000e+00 2.000000000000000000e+00 2.696047869470273639e+00 -6.660973521699395938e+00 -4.784531924609827236e-01 1.313741029381371206e+01
-1.000000000000000000e+00 1.000000000000000000e+00 2.028646482694934416e+00 -8.013471550177717617e-01 5.091902605285238970e-01 7.033683511029695801e+00
-1.000000000000000000e+00 0.000000000000000000e+00 2.228824529834923851e+00 -2.875930925076252365e+00 7.801288776606649655e-01 1.412571499731997804e+00
0.000000000000000000e+00 0.000000000000000000e+00 2.142095468199180619e+00 -1.051664730879198650e+00 -9.589926446630370194e-02 -1.293442832018111055e+00
2.000000000000000000e+00 1.000000000000000000e+00 2.776155552673257532e+00 -6.261635533731745085e+00 -8.125623824233265680e-01 5.446725837622404143e+00
1.000000000000000000e+00 -1.000000000000000000e+00 2.856537980965794254e+00 5.615626071595617219e+00 -5.845954227395839808e-01 -5.115739768964253642e+00
0.000000000000000000e+00 0.000000000000000000e+00 1.982709381250436387e+00 1.752890607496063069e+00 2.410124258571446632e-01 1.891247434305380892e-01
0.000000000000000000e+00 1.000000000000000000e+00 2.618170799453945818e+00 -2.754730543168108170e+00 1.714600530171139781e-02 3.661308115620361292e+00
0.000000000000000000e+00 2.000000000000000000e+00 1.803383298956382941e+00 -5.244735387005823313e+00 2.468188914209092921e-01 8.567456535388092931e+00
-1.000000000000000000e+00 0.000000000000000000e+00 1.787683844547218959e+00 -4.105135459103521178e+00 8.520886098883313498e-01 5.496125882165570076e-01
-1.000000000000000000e+00 -1.000000000000000000e+00 2.092749758775458435e+00 3.665820147549140984e+00 4.465815153484773425e-01 -5.341095575101812543e+00
-1.000000000000000000e+00 0.000000000000000000e+00 2.225166466091455852e+00 -1.409072055557798464e-01 4.235079257157332577e-01 -2.463883189478500491e+00
-1.000000000000000000e+00 0.000000000000000000e+00 2.257179785506458813e+00 2.463479349449194444e+00 7.549407478619394318e-01 -2.891110564945295280e+00
-1.000000000000000000e+00 -1.000000000000000000e+00 2.500620359227407441e+00 1.198073365359807241e+00 3.285420140622785645e-01 -4.747305013158436893e+00
1.000000000000000000e+00 0.000000000000000000e+00 2.452035165958835528e+00 2.952265669564726025e+00 -6.489339320330207439e-01 1.773435568911027715e+00
2.000000000000000000e+00 -1.000000000000000000e+00 2.838374185317580789e+00 5.558834979429096990e+00 -8.516399416124715849e-01 -6.174055317913081709e+00
2.000000000000000000e+00 -2.000000000000000000e+00 3.195679650130163196e+00 6.267406840747822727e+00 -8.897205169893678267e-01 -1.049707760947812929e+01
2.000000000000000000e+00 1.000000000000000000e+00 3.224623778506169991e+00 -1.714947201789456699e+00 -9.747159168234857951e-01 2.921636343394967028e+00
1.000000000000000000e+00 -2.000000000000000000e+00 3.243907643508774363e+00 5.564653771727591902e+00 -2.463305051877320295e-01 -1.105547017569629631e+01
-1.000000000000000000e+00 2.000000000000000000e+00 1.940632665195442197e+00 -6.114622739116040151e+00 8.427905992068831509e-01 1.292626610676864019e+01
1.000000000000000000e+00 1.000000000000000000e+00 2.935937495547185527e+00 -6.612814678688523351e+00 -3.715800287703601157e-01 6.214791818339525875e+00
0.000000000000000000e+00 0.000000000000000000e+00 2.686673392954325834e+00 -4.273955402692344308e+00 2.579991555291627492e-02 1.121857551281735255e-01
1.000000000000000000e+00 -2.000000000000000000e+00 2.944478587930798419e+00 4.742628539063030502e+00 -5.446925222600520478e-01 -9.666938134550516537e+00
-1.000000000000000000e+00 0.000000000000000000e+00 2.308608290316123579e+00 -3.035802021185226351e+00 3.216366463472430937e-01 -1.030576923782277277e+00
1.000000000000000000e+00 0.000000000000000000e+00 2.368103794517692151e+00 1.363173178630344040e+00 -5.720127625056612430e-01 -5.795713371349178189e-01
-1.000000000000000000e+00 0.000000000000000000e+00 2.686319151066261401e+00 -2.648561263860817583e+00 5.390044961451780914e-01 1.645708964771413818e+00
0.000000000000000000e+00 1.000000000000000000e+00 2.389433301621052497e+00 -2.198793514986299158e-01 5.904194334461987381e-03 4.855895804528605808e+00
-1.000000000000000000e+00 -1.000000000000000000e+00 2.267904947779463498e+00 1.385864416399893884e+00 7.370818713081987994e-01 -6.652728424537803775e+00
0.000000000000000000e+00 -1.000000000000000000e+00 3.066483059411254430e+00 1.313256238646744123e+00 -1.732150842038944205e-01 -7.765511261531344189e+00
2.000000000000000000e+00 -2.000000000000000000e+00 3.213746471527758164e+00 4.819160198554953922e+00 -1.050334358843853177e+00 -9.130838096445401675e+00
-1.000000000000000000e+00 0.000000000000000000e+00 2.606820286384758933e+00 3.401308436252168832e+00 3.512747745403843602e-01 -3.254639687402247183e+00
1.000000000000000000e+00 1.000000000000000000e+00 2.386047597940422538e+00 -6.886503193733140016e+00 -3.859141541168598089e-01 6.479537683322655006e+00
0.000000000000000000e+00 0.000000000000000000e+00 2.251796848668865980e+00 -4.502321053123821137e+00 -1.847607559241808417e-01 8.162620516802840953e-01
-1.000000000000000000e+00 0.000000000000000000e+00 2.170397561859123581e+00 6.334665663329491991e+00 8.370715930490408851e-01 -1.785696147230831698e+00
-2.000000000000000000e+00 0.000000000000000000e+00 1.982089285103839416e+00 6.821685722039241284e+00 1.068911414988467534e+00 -2.602698270982024553e+00
0.000000000000000000e+00 1.000000000000000000e+00 1.906601292045816187e+00 -9.516321493463451020e-01 2.316802533707242873e-01 7.576630879675777308e+00
-1.000000000000000000e+00 -1.000000000000000000e+00 2.218092446466131129e+00 -1.763437447214456277e+00 4.883893645655437155e-01 -3.957517172668409522e+00
0.000000000000000000e+00 0.000000000000000000e+00 1.814992142221407478e+00 2.193019634035923815e+00 2.581064036619002966e-01 -1.449288066376122508e+00
2.000000000000000000e+00 0.000000000000000000e+00 2.908288486445687937e+00 -5.941363884279065033e+00 -1.151133962044961656e+00 1.303924209027984560e+00
2.000000000000000000e+00 -1.000000000000000000e+00 3.110984447478257753e+00 -2.421382203784149922e+00 -1.003280527073575623e+00 -2.951455901146607275e+00
1.000000000000000000e+00 1.000000000000000000e+00 2.602555374742024696e+00 1.039993484810340263e+00 -3.963811097730047805e-01 4.734933549875334435e+00
0.000000000000000000e+00 0.000000000000000000e+00 2.827013058003688073e+00 -1.379990700162724515e+00 -1.481232214721970308e-01 1.325195394346020628e+00
-1.000000000000000000e+00 -1.000000000000000000e+00 2.167748183094201142e+00 2.375059804618736337e+00 6.882056658867941046e-01 -4.656404800894708984e+00
-1.000000000000000000e+00 0.000000000000000000e+00 2.689635000627362160e+00 -2.513267573977545410e+00 4.814948480263523400e-01 2.344207842067120851e+00
1.000000000000000000e+00 -2.000000000000000000e+00 2.941319616292611183e+00 6.192729289159073502e+00 -4.154748083233128497e-01 -1.158857798793034810e+01
0.000000000000000000e+00 0.000000000000000000e+00 2.344557431219900678e+00 -4.077418797487467828e+00 -3.228862746494698399e-03 7.148636839820934341e-01
-1.000000000000000000e+00 1.000000000000000000e+00 1.844094886487585683e+00 1.297497031878984686e-01 6.881744175118553741e-01 6.303705620785591712e+00
-1.000000000000000000e+00 0.000000000000000000e+00 2.077434649959731150e+00 1.482403550524344027e+00 5.553142914888677950e-01 1.867203750266728690e+00
0.000000000000000000e+00 0.000000000000000000e+00 1.899327526162042812e+00 -6.179045552435213473e+00 -9.617433246250906009e-02 2.566373887097661566e-02
-1.000000000000000000e+00 0.000000000000000000e+00 2.637414706162140021e+00 -1.132588019409650926e+00 2.699788081862717348e-01 -4.785699160373679817e-01
1.000000000000000000e+00 0.000000000000000000e+00 2.744563133572064828e+00 -6.976234276336865214e+00 -7.279726799482255650e-01 1.278330077275454002e+00
0.000000000000000000e+00 1.000000000000000000e+00 2.986840354578085943e+00 -3.196288671466166242e+00 -8.274303409196681613e-02 6.823906624794699560e+00
0.000000000000000000e+00 0.000000000000000000e+00 1.995399174646523832e+00 -3.029544228002632344e+00 2.551813782987557566e-01 -6.456263459447439956e-01
0.000000000000000000e+00 0.000000000000000000e+00 1.934075754341140652e+00 1.623977762684218007e+00 -1.079357875227906494e-01 1.036209589388104035e+00
0.000000000000000000e+00 0.000000000000000000e+00 2.363203520034781846e+00 2.815845459035523746e+00 7.403701862804412670e-02 3.134425129714248470e+00
-1.000000000000000000e+00 1.000000000000000000e+00 2.506080115304889944e+00 1.984122672673963805e+00 7.306846016685293321e-01 3.880353721642988418e+00
-1.000000000000000000e+00 -2.000000000000000000e+00 1.956922423481743278e+00 6.947229545854616717e+00 8.507202224542231850e-01 -1.302638541088865765e+01
1.000000000000000000e+00 -2.000000000000000000e+00 2.592829277187227888e+00 5.243275648701654745e+00 -3.738287450849977489e-01 -1.218423381344009115e+01
2.000000000000000000e+00 1.000000000000000000e+00 3.041656938999631965e+00 -4.911826128876866093e-01 -1.217406055215899396e+00 5.315354441859155621e+00
-1.000000000000000000e+00 1.000000000000000000e+00 2.721598802027239472e+00 -3.755885731465109512e+00 3.055880815961424801e-01 7.001650319266678579e+00
1.000000000000000000e+00 -1.000000000000000000e+00 2.399875843445162360e+00 -1.452823972621700932e+00 -2.932909593507928570e-01 -4.962723764015978034e+00
1.000000000000000000e+00 1.000000000000000000e+00 2.689895592946998981e+00 2.226007385537027261e+00 -4.926301926923692953e-01 4.093701130872553051e+00
0.000000000000000000e+00 1.000000000000000000e+00 2.028797551061624738e+00 -5.085219981559059299e+00 -3.115507408419926350e-03 2.015626701293601553e+00
0.000000000000000000e+00 -1.000000000000000000e+00 2.256912299653142551e+00 5.582577795679258159e+00 -2.066845074855279130e-01 -5.179868602432583735e+00
1.000000000000000000e+00 1.000000000000000000e+00 2.240367617475630624e+00 1.010599645221509135e+00 -4.603452020918277210e-01 3.777034767068975896e+00
0.000000000000000000e+00 1.000000000000000000e+00 2.787943437920606726e+00 -5.408858994882677962e+00 -1.502556706342907944e-01 6.946542625677061267e+00
0.000000000000000000e+00 -1.000000000000000000e+00 1.885719125639031102e+00 4.955676822217382593e+00 -1.104804295521661928e-01 -5.919438723549578896e+00
1.000000000000000000e+00 0.000000000000000000e+00 2.828538684245604173e+00 4.639119640060819449e+00 -5.965285923853218542e-01 7.781239337890291097e-01
-2.000000000000000000e+00 -1.000000000000000000e+00 1.904336221504835835e+00 -3.172709452548794218e-02 1.040512502696973263e+00 -5.512437702485904367e+00
2.000000000000000000e+00 0.000000000000000000e+00 2.983679888837087013e+00 -4.235397032202600442e+00 -1.000153411111028179e+00 1.577096530241814065e+00
-1.000000000000000000e+00 2.000000000000000000e+00 1.979128801292446616e+00 -4.779741051281676256e+00 8.910795804211060211e-01 8.767839742964341099e+00
0.000000000000000000e+00 2.000000000000000000e+00 2.263648418970702458e+00 -5.502078555457556419e+00 -3.059134798623510676e-01 1.026313578864675158e+01
0.000000000000000000e+00 2.000000000000000000e+00 2.819150458556841432e+00 -4.952315709459954363e+00 -5.353254513053240515e-03 1.037947667123763118e+01
2.000000000000000000e+00 0.000000000000000000e+00 3.243706664254939476e+00 -3.416462359196324794e+00 -1.080789675999789701e+00 1.381316117444515879e+00
0.000000000000000000e+00 0.000000000000000000e+00 2.322390895662210575e+00 1.269766241764719084e+00 -1.399606562770152607e-01 -2.594576363584897294e+00
0.000000000000000000e+00 -1.000000000000000000e+00 2.284963062008788626e+00 -8.435399228433801966e-01 7.828889326414723016e-02 -4.030312550241989200e+00
0.000000000000000000e+00 -2.000000000000000000e+00 2.421260222827586350e+00 4.069167227256432540e+00 -1.183821771528368316e-01 -1.101778209067322578e+01
0.000000000000000000e+00 2.000000000000000000e+00 2.502289599486349658e+00 -6.713334418949254534e+00 -1.473006097186768670e-01 1.287221333044539762e+01
0.000000000000000000e+00 0.000000000000000000e+00 2.484143386105128748e+00 -3.126858558693158319e+00 1.598449168436881784e-01 1.521782091096628431e+00
-1.000000000000000000e+00 -1.000000000000000000e+00 2.519207450899053846e+00 6.574642440218561035e+00 4.358790846804772023e-01 -3.898861438927642808e+00
-1.000000000000000000e+00 2.000000000000000000e+00 2.063558548318031871e+00 -4.453206754054236605e+00 6.154873120599866354e-01 9.969717334973889677e+00
-2.000000000000000000e+00 1.000000000000000000e+00 1.770464117162546591e+00 -2.473335051143173757e+00 1.151673199286748384e+00 3.255759816886093283e+00
1.000000000000000000e+00 1.000000000000000000e+00 3.008226810590048483e+00 1.001107546146968730e+00 -4.572686184196808057e-01 4.858378711300391117e+00
-1.000000000000000000e+00 1.000000000000000000e+00 1.926725580862470588e+00 -7.132237260824876302e-01 7.359347561169944374e-01 6.404087989222288613e+00
-2.000000000000000000e+00 -1.000000000000000000e+00 2.022193579089737181e+00 4.179971708669039998e+00 9.745240039609117666e-01 -4.176071190913393849e+00
0.000000000000000000e+00 1.000000000000000000e+00 2.790977460950945677e+00 6.183960307158660186e-01 2.232474812865148373e-01 3.778790028689593683e+00
0.000000000000000000e+00 -1.000000000000000000e+00 2.653291325335799922e+00 5.978253426140000215e+00 1.052000342517529496e-01 -4.725601345935613651e+00
0.000000000000000000e+00 0.000000000000000000e+00 2.387626925961346291e+00 3.421942008387835799e+00 2.266607814931331788e-01 -2.218442136329979775e+00
1.000000000000000000e+00 0.000000000000000000e+00 2.455439686404509825e+00 -3.782740403808773966e+00 -5.265645854301796991e-01 -1.575190317038049681e+00
1.000000000000000000e+00 2.000000000000000000e+00 2.944970743097054644e+00 -4.729442278419738521e+00 -2.348426907101806016e-01 1.072424259584920492e+01
-2.000000000000000000e+00 0.000000000000000000e+00 1.910794672445636389e+00 2.930311266129642433e+00 1.331754891020415998e+00 -2.470022438268998144e+00
-2.000000000000000000e+00 2.000000000000000000e+00 2.141999349125848440e+00 -5.858110960113212862e+00 9.252279894112906966e-01 8.245350321889144851e+00
0.000000000000000000e+00 -1.000000000000000000e+00 2.432143930955168010e+00 -1.351612989551531641e+00 1.822366617483539564e-01 -5.408801804736689256e+00
0.000000000000000000e+00 1.000000000000000000e+00 2.356332518150502153e+00 -4.327225308933596359e+00 3.815712006117610855e-02 3.035641227661865393e+00
2.000000000000000000e+00 1.000000000000000000e+00 2.706320773771377475e+00 -4.299243767927659832e+00 -9.486723366857658934e-01 7.283358514349494328e+00
0.000000000000000000e+00 0.000000000000000000e+00 2.698732967711459096e+00 5.096705773137346185e+00 -3.209527251484756150e-02 -3.040492338525798033e+00
0.000000000000000000e+00 2.000000000000000000e+00 2.813514439611397133e+00 -3.191409830229695377e+00 -1.155124189882790198e-01 9.725634642083448966e+00
-1.000000000000000000e+00 0.000000000000000000e+00 2.529145823680813532e+00 -2.697829114416826712e+00 3.512775356669188831e-01 1.275998032493521173e+00
2.000000000000000000e+00 0.000000000000000000e+00 3.009083107813639746e+00 1.346954849278210631e+00 -7.513431113343504997e-01 2.706415099443999495e+00
0.000000000000000000e+00 -2.000000000000000000e+00 2.849490217197156117e+00 5.841817079137484825e+00 3.040699269259938831e-02 -1.076525682797156591e+01
-1.000000000000000000e+00 2.000000000000000000e+00 2.677463018417449270e+00 -5.745525800335473221e+00 4.129812788991626960e-01 9.955181517437829086e+00
1.000000000000000000e+00 0.000000000000000000e+00 3.204031599411607090e+00 2.955765053802270614e-01 -4.939757218065690125e-01 -2.286884350957197221e+00
-2.000000000000000000e+00 1.000000000000000000e+00 1.936966603687572119e+00 -2.117375810425836669e+00 1.278312713348662255e+00 7.497111400499417933e+00
1.000000000000000000e+00 1.000000000000000000e+00 3.031913358152998672e+00 3.088581579845595115e+00 -4.858373439740444333e-01 3.486841896633279703e+00
2.000000000000000000e+00 0.000000000000000000e+00 3.142188101346903739e+00 6.441326882186414693e+00 -1.344666497268664829e+00 6.868078374864339253e-02
1.000000000000000000e+00 0.000000000000000000e+00 2.954065193478172535e+00 -3.191797336336221758e+00 -3.629327928348087262e-01 1.292926686293232041e+00
1.000000000000000000e+00 2.000000000000000000e+00 3.176128540007048251e+00 -3.499428020132422823e+00 -3.446557534795799960e-01 8.312041927456579771e+00
-1.000000000000000000e+00 0.000000000000000000e+00 1.931873580807054847e+00 3.294092967328236199e+00 6.351305694188602580e-01 3.691849042596686559e-01
1.000000000000000000e+00 0.000000000000000000e+00 2.646680363527073698e+00 2.787794952122732539e+00 -6.367736366872196463e-01 2.104619641182866374e+00
-1.000000000000000000e+00 0.000000000000000000e+00 2.363919967182345871e+00 -3.909051687178429102e+00 7.646523993240292860e-01 1.736398285686759912e-01
1.000000000000000000e+00 0.000000000000000000e+00 2.977162852829069450e+00 -5.771454895847578648e+00 -2.419632986891198101e-01 1.401736882062542655e+00
0.000000000000000000e+00 1.000000000000000000e+00 2.882463225001884233e+00 -5.703684706132239768e+00 6.651189716568861598e-02 5.613863248385714044e+00
0.000000000000000000e+00 1.000000000000000000e+00 2.375983187202402647e+00 -3.169977521413957167e+00 1.021327186696474598e-02 5.094417035793226134e+00
1.000000000000000000e+00 0.000000000000000000e+00 3.171076438832715283e+00 2.496437507421537916e+00 -5.218892165323927301e-01 1.498105786151207042e+00
0.000000000000000000e+00 0.000000000000000000e+00 2.170688242418794101e+00 3.242303364885403383e+00 -2.215919316144674411e-01 -7.275382997007202590e-01
1.000000000000000000e+00 -1.000000000000000000e+00 3.152307630378646586e+00 4.552681330322977615e+00 -1.815586125118997529e-01 -4.810672051156181794e+00
0.000000000000000000e+00 -1.000000000000000000e+00 2.264584744364293023e+00 3.071151854544751814e+00 -1.932660481510075634e-01 -4.228220189755644398e+00
1.000000000000000000e+00 1.000000000000000000e+00 2.626936712013914210e+00 -6.956874523700102841e+00 -7.562876216246727790e-01 6.276237160077775989e+00
0.000000000000000000e+00 -1.000000000000000000e+00 2.182151212875932167e+00 3.052113843659800096e+00 3.138778524538743397e-02 -5.451218795719816157e+00
0.000000000000000000e+00 1.000000000000000000e+00 2.166745707180169234e+00 2.856026795442385691e+00 2.210254530963795538e-01 3.195533741011701068e+00
0.000000000000000000e+00 1.000000000000000000e+00 2.966783287242569678e+00 -5.458073111713233061e+00 -5.496284459400424538e-03 5.733495664756968146e+00
0.000000000000000000e+00 -2.000000000000000000e+00 1.864474127008057369e+00 6.323680220956969578e+00 -6.014992982117761677e-02 -1.034250975454921040e+01
-1.000000000000000000e+00 -1.000000000000000000e+00 2.262852098589666738e+00 -9.413623036670148991e-02 8.143230303293758077e-01 -3.869378892885602106e+00
0.000000000000000000e+00 0.000000000000000000e+00 1.943006927730440925e+00 6.561982222744100923e+00 1.431365041618000156e-01 -1.975444697770738500e+00
1.000000000000000000e+00 -1.000000000000000000e+00 3.022982604513044347e+00 -3.484180444912481800e+00 -4.883566275000332801e-01 -3.504158893748787751e+00
0.000000000000000000e+00 0.000000000000000000e+00 1.931389481471400105e+00 3.469321801416896278e+00 -4.075398952967224098e-02 3.052581193286256322e+00
1.000000000000000000e+00 0.000000000000000000e+00 2.651243891139954290e+00 2.125724090281760681e+00 -4.920021281951614256e-01 1.569148631366694246e+00
0.000000000000000000e+00 -1.000000000000000000e+00 2.537839099723878000e+00 3.771667607762761776e+00 2.089936227531943302e-01 -6.475208288271405266e+00
0.000000000000000000e+00 0.000000000000000000e+00 2.953794568425600175e+00 6.731026219964215684e-01 1.638979685725461266e-01 -1.262792208455767451e-01
2.000000000000000000e+00 0.000000000000000000e+00 3.216414816520634545e+00 2.853530043425195117e+00 -9.964374752184226303e-01 5.431974988284373751e-01
-2.000000000000000000e+00 2.000000000000000000e+00 1.785012470339032875e+00 -4.868412601940124596e+00 1.050341741026086906e+00 9.610248194358003815e+00
0.000000000000000000e+00 -1.000000000000000000e+00 2.778197489972991985e+00 -4.621204510017999922e-01 -7.266489350786420331e-02 -5.664485852501912611e+00
1.000000000000000000e+00 2.000000000000000000e+00 2.635467850055767336e+00 -2.827771303844909490e+00 -2.762977660051939566e-01 8.573809290922604021e+00
0.000000000000000000e+00 0.000000000000000000e+00 2.329683351308670769e+00 3.110780031224802400e+00 -1.700440648643866126e-01 2.285101296194905984e+00
1.000000000000000000e+00 0.000000000000000000e+00 3.054116838949624047e+00 -9.412747129204088736e-01 -4.011950910348685007e-01 1.704950970067015348e+00
0.000000000000000000e+00 -1.000000000000000000e+00 3.100927829237431155e+00 4.779651076280613253e+00 -1.653171378766957744e-01 -6.901316882891959992e+00
-1.000000000000000000e+00 0.000000000000000000e+00 1.883161003934053390e+00 3.712168496007160812e+00 8.789599349659091843e-01 -5.899818745891511895e-01
-1.000000000000000000e+00 1.000000000000000000e+00 2.291762427909936228e+00 -6.928712285138288962e+00 6.855083179474759092e-01 3.066058714130658558e+00
0.000000000000000000e+00 1.000000000000000000e+00 2.074201973228243734e+00 -2.963266404602411086e+00 -1.285345772669597153e-01 2.747001376083158419e+00
-1.000000000000000000e+00 0.000000000000000000e+00 1.907482879041441537e+00 -1.439270964801572461e+00 6.043913452999227776e-01 1.327679192722860613e+00
0.000000000000000000e+00 1.000000000000000000e+00 1.911012907455209131e+00 -6.857495232886877012e+00 -8.149606631872097218e-02 3.968368192266385819e+00
-2.000000000000000000e+00 0.000000000000000000e+00 1.925080971890099635e+00 5.166108630882606079e+00 9.381057866974511494e-01 -2.801091705825179190e+00
-1.000000000000000000e+00 0.000000000000000000e+00 2.369223900345708955e+00 -4.539869106544347943e+00 8.125774236905969339e-01 -9.461935357709059247e-01
0.000000000000000000e+00 0.000000000000000000e+00 3.055992049398224886e+00 3.905758106303299115e+00 1.104527526904224288e-01 2.217581924823891271e+00
2.000000000000000000e+00 1.000000000000000000e+00 3.036870453513752732e+00 1.459725444915349613e-03 -1.240709470527008085e+00 3.193503333099124930e+00
1.000000000000000000e+00 1.000000000000000000e+00 3.089683985996626969e+00 -4.271031183459666813e+00 -5.767070208232540907e-01 3.480326886744058434e+00
-1.000000000000000000e+00 0.000000000000000000e+00 2.229575578599456875e+00 -2.926069619547361889e+00 3.157142202313876211e-01 -1.073121325096071388e-02
0.000000000000000000e+00 0.000000000000000000e+00 2.486469146532006125e+00 -2.771295362944091067e+00 1.797574815255673641e-01 -1.784638351834024306e+00
1.000000000000000000e+00 0.000000000000000000e+00 2.653350432139596649e+00 6.368047146945663428e+00 -6.614233265046687293e-01 -2.357680322648512572e+00
0.000000000000000000e+00 0.000000000000000000e+00 2.647930186140623476e+00 3.262868192997734340e+00 -2.359431198793036089e-01 3.185088935409561728e+00
-1.000000000000000000e+00 0.000000000000000000e+00 2.459392414981042219e+00 3.963416437915590507e+00 3.143480601672679065e-01 -1.825510258201356706e+00
-2.000000000000000000e+00 1.000000000000000000e+00 2.191143358298545341e+00 2.721061518932712531e+00 9.928646782760108813e-01 3.759514553067164755e+00
0.000000000000000000e+00 0.000000000000000000e+00 2.597309120359498458e+00 3.191801691190455870e+00 1.439294315359536114e-01 1.967480981725366007e+00
2.000000000000000000e+00 0.000000000000000000e+00 3.129111756594864957e+00 1.083341621794394527e+00 -8.793704434934208614e-01 -1.967040899841824064e+00
-2.000000000000000000e+00 -1.000000000000000000e+00 1.875333610133895768e+00 9.450339027319447638e-01 1.103182372560740809e+00 -7.107314120809228974e+00
1.000000000000000000e+00 0.000000000000000000e+00 3.089285075622782095e+00 -2.567154573483055202e+00 -2.940241930682461202e-01 -1.680660375015668784e+00
2.000000000000000000e+00 2.000000000000000000e+00 2.938493773954816479e+00 -5.488529262581374191e+00 -1.179649290256330252e+00 1.203148129616111461e+01
1.000000000000000000e+00 2.000000000000000000e+00 2.508044013190463772e+00 -4.841768230293986619e+00 -4.703397159457605170e-01 1.021640499472205477e+01
1.000000000000000000e+00 0.000000000000000000e+00 2.927362490337976020e+00 6.652912307341546594e+00 -4.009174555300107912e-01 -3.128197065983499670e+00
-2.000000000000000000e+00 1.000000000000000000e+00 1.914586281705716875e+00 -5.250239613505803149e+00 9.911783087952499294e-01 6.773556462129727507e+00
0.000000000000000000e+00 -2.000000000000000000e+00 2.327469918400129067e+00 6.533639702752514822e+00 -2.080130659389713976e-01 -1.323001721088375859e+01
0.000000000000000000e+00 1.000000000000000000e+00 2.684493388447070750e+00 -3.828287932741946786e+00 -1.060927828904745240e-01 7.409775191971597508e+00
1.000000000000000000e+00 0.000000000000000000e+00 3.015245871160843194e+00 -1.880754527678684340e+00 -3.375731728657349606e-01 2.071811058364568581e+00
1.000000000000000000e+00 0.000000000000000000e+00 3.102624800353165568e+00 -5.098273525425369712e-01 -3.942018980943471362e-01 7.807843129142497673e-01
2.000000000000000000e+00 0.000000000000000000e+00 2.695396573509466265e+00 5.692559480574111319e+00 -8.673639816664102664e-01 -2.082752657425711362e+00
2.000000000000000000e+00 1.000000000000000000e+00 3.120491960551484922e+00 -4.167199521387927597e+00 -9.105531899646068794e-01 3.165131755007217329e+00
0.000000000000000000e+00 0.000000000000000000e+00 2.418138774786567247e+00 5.650617740009874268e+00 1.191772053554496225e-01 -3.082301186686613903e+00
-2.000000000000000000e+00 -2.000000000000000000e+00 2.183144753596465648e+00 4.291932381128955143e+00 8.814768623165827321e-01 -9.622971529626966003e+00
-2.000000000000000000e+00 0.000000000000000000e+00 1.893569960806728236e+00 -3.957250077527004972e+00 9.748857059023188221e-01 2.153211829210084804e+00
0.000000000000000000e+00 2.000000000000000000e+00 2.346243971734582878e+00 -4.770069271263931654e+00 -1.772896148022922169e-01 1.066853263429976018e+01
-1.000000000000000000e+00 1.000000000000000000e+00 1.903962703808545598e+00 -2.959259941297032626e+00 4.593781894769497498e-01 2.960926179921737678e+00
0.000000000000000000e+00 0.000000000000000000e+00 2.983028262169289846e+00 4.327563030461103466e+00 1.062241502770007173e-01 -1.933068956232441238e+00
-1.000000000000000000e+00 0.000000000000000000e+00 2.419843260991595635e+00 6.885752090397032177e+00 6.228878273828017953e-01 -2.724450064362031299e+00
-1.000000000000000000e+00 0.000000000000000000e+00 2.546147977392072104e+00 1.017608314202663067e+00 6.491099679954044355e-01 -1.480031968178380453e+00
1.000000000000000000e+00 0.000000000000000000e+00 2.606975677485824594e+00 4.460938957516994208e+00 -6.561365392751727921e-01 -1.905149128046714324e+00
0.000000000000000000e+00 -1.000000000000000000e+00 2.455186645501342468e+00 2.556188038012793484e+00 2.288337798271977697e-01 -4.310265852485738236e+00
0.000000000000000000e+00 1.000000000000000000e+00 2.875184981996326883e+00 -5.920056088528945715e+00 -6.663910633114999982e-02 2.892867659306655348e+00
1.000000000000000000e+00 0.000000000000000000e+00 3.063833531507930363e+00 1.695154773023038075e+00 -3.698636671180897117e-01 -2.060787672586294583e+00
2.000000000000000000e+00 -1.000000000000000000e+00 3.044460251227032455e+00 -1.283379673150179201e+00 -9.614063822120781921e-01 -4.255870142611549056e+00
0.000000000000000000e+00 1.000000000000000000e+00 2.383516530146773782e+00 -2.692739926928481076e+00 1.880688395378387057e-01 6.600594904525094897e+00
0.000000000000000000e+00 2.000000000000000000e+00 2.246132755916026458e+00 -5.218783312961213561e+00 -1.248336891403236670e-01 1.194792455214012961e+01
0.000000000000000000e+00 1.000000000000000000e+00 2.749781451802189913e+00 -4.030745572308583213e+00 2.201542155379905275e-01 6.771930754631585891e+00
-2.000000000000000000e+00 -1.000000000000000000e+00 2.000981943500931060e+00 -2.594779858294085528e+00 1.100348334823090468e+00 -3.903385235472676129e+00
0.000000000000000000e+00 1.000000000000000000e+00 3.049593525663629734e+00 -6.939955750933672896e+00 7.379078067876099212e-02 4.896536365022525317e+00
-1.000000000000000000e+00 0.000000000000000000e+00 1.940908626704022977e+00 1.443668313562520567e+00 4.007585875278103504e-01 4.918440116429572129e-01
-1.000000000000000000e+00 0.000000000000000000e+00 2.794832879225745081e+00 1.265092223103144065e+00 3.479226071988521518e-01 -2.419029202958459024e+00
1.000000000000000000e+00 1.000000000000000000e+00 2.930475509326402772e+00 -5.437956362046783454e+00 -3.462801283720517986e-01 4.298585893584348838e+00
0.000000000000000000e+00 2.000000000000000000e+00 3.149159373150033581e+00 -3.403508014290467010e+00 7.781925119175792105e-02 8.961620926792392083e+00
1.000000000000000000e+00 0.000000000000000000e+00 2.798697098359230750e+00 4.547676279936030852e+00 -5.629519838504224438e-01 -1.397040349737306286e+00
-1.000000000000000000e+00 1.000000000000000000e+00 1.885522760564504630e+00 4.185515868050284638e-01 8.707616162165963125e-01 5.268445720692373158e+00
-1.000000000000000000e+00 -1.000000000000000000e+00 2.169815022119024217e+00 8.784216727775291389e-01 6.878309482847009271e-01 -4.489119697408257892e+00
-1.000000000000000000e+00 -1.000000000000000000e+00 1.783983894633402567e+00 6.948744811684468559e-01 6.868642265934599145e-01 -4.461230355652926249e+00
0.000000000000000000e+00 0.000000000000000000e+00 2.462801455434614706e+00 6.091304024786234450e+00 5.969611009689046455e-02 -1.290100250267800064e+00
-1.000000000000000000e+00 1.000000000000000000e+00 2.295161916249241152e+00 2.236016603592844376e+00 3.559457072044187598e-01 4.508790695255694203e+00
2.000000000000000000e+00 -1.000000000000000000e+00 2.796322391902720028e+00 4.632417435406710027e+00 -8.729484453375722097e-01 -8.724046332915934343e+00
-2.000000000000000000e+00 0.000000000000000000e+00 2.366220753295252610e+00 -2.145348270261660417e+00 8.599682568509545710e-01 4.279289461206863265e-01
0.000000000000000000e+00 -2.000000000000000000e+00 3.054571927879371707e+00 4.628687387016297450e+00 6.718186603086939712e-02 -1.007717793987688637e+01
-1.000000000000000000e+00 1.000000000000000000e+00 2.419035635834242193e+00 1.387098595946500978e-02 6.227569930850394009e-01 4.562555847938820186e+00
0.000000000000000000e+00 1.000000000000000000e+00 2.845231848405420649e+00 -3.073418690032246658e+00 1.415636433279452433e-01 4.256289525112018524e+00
2.000000000000000000e+00 1.000000000000000000e+00 3.083834044635765270e+00 8.842168495545355000e-01 -1.073343426664193689e+00 5.450532414818823668e+00
1.000000000000000000e+00 -1.000000000000000000e+00 2.771994743930464189e+00 2.367639945135280755e+00 -7.837582746962321600e-01 -7.855687385244200627e+00
1.000000000000000000e+00 0.000000000000000000e+00 2.653547453366642550e+00 -3.981491660438028823e+00 -5.837304781997434411e-01 8.610439458746843577e-01
1.000000000000000000e+00 -1.000000000000000000e+00 2.410584461892941288e+00 8.412448655240591933e-01 -6.443134394869836079e-01 -3.199205020869690941e+00
-1.000000000000000000e+00 0.000000000000000000e+00 2.724612370805537864e+00 -1.907531049408351720e+00 3.280421655066838582e-01 -3.478687872245869173e-01
1.000000000000000000e+00 1.000000000000000000e+00 2.603867600697034934e+00 4.297926905998608049e-01 -4.670744210407473673e-01 3.060667698898200229e+00
-1.000000000000000000e+00 1.000000000000000000e+00 1.878258249823614001e+00 2.015044981363951493e+00 7.359639208482620099e-01 4.159007505684391148e+00
-1.000000000000000000e+00 0.000000000000000000e+00 2.680460703483249052e+00 6.179356322509201860e+00 4.356790432317336759e-01 -3.946586572458130604e-01
-1.000000000000000000e+00 1.000000000000000000e+00 2.113446882129038862e+00 -1.675292768771541319e-01 4.557889280597691162e-01 5.366379509567028805e+00
0.000000000000000000e+00 2.000000000000000000e+00 2.967935936778570039e+00 -6.954774334070353170e+00 1.373733929603138115e-01 7.357974650785515713e+00
0.000000000000000000e+00 -1.000000000000000000e+00 2.135313875596233313e+00 1.023047018082943183e+00 1.257281962349359183e-01 -3.284825962087555062e+00
1.000000000000000000e+00 0.000000000000000000e+00 2.784068818214760377e+00 -6.484200688214354358e-01 -2.773142588299188915e-01 1.185956013691995992e+00
-1.000000000000000000e+00 1.000000000000000000e+00 2.123837452933276193e+00 -6.965723223652245721e+00 5.834630641414539909e-01 4.540000578646004037e+00
1.000000000000000000e+00 1.000000000000000000e+00 2.855366926240174408e+00 2.165499185806773141e+00 -6.391635826547212851e-01 3.873622817956308140e+00
-2.000000000000000000e+00 -1.000000000000000000e+00 1.790445467563709592e+00 -5.989617705497529698e-02 1.016451790226000185e+00 -5.232688232599461031e+00
0.000000000000000000e+00 1.000000000000000000e+00 2.293613895837685490e+00 -2.669375166248244113e+00 -2.779715944952254603e-02 6.144221260893379721e+00
2.000000000000000000e+00 0.000000000000000000e+00 3.125231849484244595e+00 2.824352845658735234e-01 -1.289815041202619916e+00 -1.489463326719011604e-01
-2.000000000000000000e+00 2.000000000000000000e+00 1.863563099399400125e+00 -4.493772311780682926e+00 1.139714795551084903e+00 8.925949262702555842e+00
1.000000000000000000e+00 -1.000000000000000000e+00 2.806865569159497920e+00 2.494623855398211631e+00 -6.924371258590040767e-01 -4.896479644039780865e+00
-1.000000000000000000e+00 0.000000000000000000e+00 2.585927541833270560e+00 4.815132239658881375e+00 3.212974137734692093e-01 1.973071439868899546e+00
-1.000000000000000000e+00 2.000000000000000000e+00 2.484348005226523881e+00 -6.712499068563096749e+00 5.187227806812724218e-01 1.078447141887299310e+01
-1.000000000000000000e+00 0.000000000000000000e+00 2.447756252843598102e+00 8.570399946707141225e-01 5.581992432604101495e-01 2.366001234020149724e-01
-1.000000000000000000e+00 0.000000000000000000e+00 2.087534670690155192e+00 -5.146333268039109399e-01 5.036981755705678410e-01 -1.611640005955932153e-01
1.000000000000000000e+00 2.000000000000000000e+00 2.984191676508422209e+00 -1.497340849654156258e+00 -4.902280328414234667e-01 8.370838294966420179e+00
0.000000000000000000e+00 1.000000000000000000e+00 2.269262087058328436e+00 -3.412831634521552804e+00 -1.817191797606780845e-01 2.309214924161607119e+00
0.000000000000000000e+00 1.000000000000000000e+00 2.263802155735288757e+00 -4.548191129556711232e+00 1.905245840009670566e-01 6.964472196202850185e+00
0.000000000000000000e+00 1.000000000000000000e+00 2.039722260878865434e+00 -1.987070638815993107e-01 2.064281097576268209e-01 3.926478187582633339e+00
1.000000000000000000e+00 2.000000000000000000e+00 2.766630529374408010e+00 -3.107943154765133720e+00 -7.556604341516890422e-01 8.893434115390473238e+00
-2.000000000000000000e+00 0.000000000000000000e+00 1.884312652603860494e+00 2.954666486319897700e+00 1.311388537516547936e+00 2.311773047707102791e+00
0.000000000000000000e+00 -1.000000000000000000e+00 2.105692842698177802e+00 3.979042700662635212e+00 3.805071272230931001e-02 -3.347602460110858047e+00
1.000000000000000000e+00 -2.000000000000000000e+00 2.655489966566008331e+00 4.308314522301444072e+00 -4.681225019455048653e-01 -1.092372076257528946e+01
1.000000000000000000e+00 1.000000000000000000e+00 2.830176226860597666e+00 2.481030903722736269e+00 -5.263399879589192309e-01 3.478677042608167014e+00
0.000000000000000000e+00 1.000000000000000000e+00 2.647230545163768767e+00 -2.090956278780688571e+00 -2.163905535383960910e-01 6.368302152277837358e+00
0.000000000000000000e+00 0.000000000000000000e+00 3.144797826789789585e+00 1.404872048135885620e+00 -4.426023406569212781e-02 -2.313413899170752686e+00
0.000000000000000000e+00 -2.000000000000000000e+00 2.297012643981927837e+00 5.356250054200780042e+00 1.760346559465735261e-01 -1.085255215191004652e+01
2.000000000000000000e+00 0.000000000000000000e+00 3.223907625020505208e+00 4.699620809294266621e+00 -9.026941080110733040e-01 -3.335917502156481973e+00
0.000000000000000000e+00 0.000000000000000000e+00 1.895744224450823134e+00 4.817953191125511125e+00 3.655542064373757949e-01 -3.062752135691313882e+00
-2.000000000000000000e+00 1.000000000000000000e+00 1.857874854469988346e+00 4.964989324143278537e-01 9.859696062927829630e-01 4.149075063140616138e+00
1.000000000000000000e+00 2.000000000000000000e+00 2.738214474795688247e+00 -5.625898321405628622e+00 -5.339861172731161787e-01 1.019219188889180572e+01
-1.000000000000000000e+00 0.000000000000000000e+00 2.074669114103483647e+00 -5.878267203682824515e+00 8.653561576532244892e-01 4.227053180128539367e-01
1.000000000000000000e+00 0.000000000000000000e+00 2.254112486380390745e+00 -1.056754280596446272e+00 -4.548130571319011217e-01 -5.103410611789662710e-01
-1.000000000000000000e+00 0.000000000000000000e+00 2.600992489076097591e+00 4.169194967051804923e+00 6.436471726092758416e-01 -2.797093712784537445e-01
-2.000000000000000000e+00 2.000000000000000000e+00 1.898034008299386066e+00 -6.026797417113023414e+00 1.255812060860994173e+00 1.005086536239693373e+01
0.000000000000000000e+00 -1.000000000000000000e+00 2.786758217639556001e+00 5.895223549261761065e+00 -9.916296969191851218e-02 -7.193290670117725938e+00
0.000000000000000000e+00 -1.000000000000000000e+00 2.555098950701060190e+00 1.611491190928425965e+00 -2.137760283201206590e-01 -4.140711784241037918e+00
2.000000000000000000e+00 0.000000000000000000e+00 3.178433014012180813e+00 -5.775129393655831223e-01 -9.073557183576275165e-01 9.681855170757103224e-02
-1.000000000000000000e+00 -1.000000000000000000e+00 2.274040675988960203e+00 4.766380038506962791e+00 5.023541409079044229e-01 -5.584763012678790162e+00
-2.000000000000000000e+00 -1.000000000000000000e+00 2.135899724459659144e+00 3.704336220997056728e+00 1.017263440836882804e+00 -4.606005103950322699e+00
-1.000000000000000000e+00 -1.000000000000000000e+00 2.175854963080775306e+00 5.203405148081094111e+00 4.772706231872092530e-01 -8.748137737029242800e+00
-1.000000000000000000e+00 0.000000000000000000e+00 2.414334737792979801e+00 -5.191163473244042592e-01 3.112386484906468631e-01 1.115228662944367954e+00
1.000000000000000000e+00 1.000000000000000000e+00 3.013061030741195356e+00 -3.952551941158688464e-02 -7.039549903537856146e-01 4.239288003954618134e+00
1.000000000000000000e+00 1.000000000000000000e+00 3.116415512536530930e+00 -5.250559235080273446e+00 -6.879597300238855517e-01 5.517928500685257198e+00
-1.000000000000000000e+00 0.000000000000000000e+00 1.759664120778729579e+00 6.138943922124493469e+00 4.399726629887146245e-01 7.472146815574021161e-02
0.000000000000000000e+00 0.000000000000000000e+00 2.181915914077497742e+00 4.124133449546828700e+00 -1.643040482268776081e-01 1.704412604444371482e+00
1.000000000000000000e+00 -1.000000000000000000e+00 2.152632971097878656e+00 1.800396525017401217e+00 -3.450169376728000614e-01 -6.013956336056957674e+00
-2.000000000000000000e+00 0.000000000000000000e+00 1.774157155801459052e+00 -5.835962328137597410e+00 9.961445406571272088e-01 5.045170142632571242e-01
2.000000000000000000e+00 2.000000000000000000e+00 3.009492013731795979e+00 -5.350257260038023155e+00 -1.034299586312401154e+00 8.687349957576593340e+00
0.000000000000000000e+00 1.000000000000000000e+00 2.392319812723351813e+00 3.853202972390468162e-01 -4.508500606567933389e-02 5.426310295040482679e+00
-1.000000000000000000e+00 -1.000000000000000000e+00 1.885490819183345046e+00 -1.562301382740143296e-01 7.770234713304065011e-01 -5.281595410490075970e+00
2.000000000000000000e+00 0.000000000000000000e+00 3.210093569648057255e+00 -4.777212912319396487e+00 -1.082796867107119532e+00 -1.506873851487363858e+00
0.000000000000000000e+00 1.000000000000000000e+00 2.046510690969910673e+00 -6.419342074861890346e+00 2.441573805919357021e-01 4.298884619229773385e+00
1.000000000000000000e+00 1.000000000000000000e+00 2.748272429590907340e+00 -3.486436041833675503e+00 -6.539485739328676495e-01 6.842563131007651123e+00
-1.000000000000000000e+00 2.000000000000000000e+00 2.715872045542586655e+00 -3.332887214658801778e+00 4.057950582949376717e-01 7.774944769106882703e+00
-1.000000000000000000e+00 1.000000000000000000e+00 1.998012130126109120e+00 2.546192764133081710e-02 8.051650617156762557e-01 5.224208759431736127e+00
2.000000000000000000e+00 0.000000000000000000e+00 3.105252736804660074e+00 3.186934758232428777e+00 -8.421768379735214971e-01 1.849638772853420932e+00
1.000000000000000000e+00 1.000000000000000000e+00 2.510355009848595387e+00 -1.053918945139583840e+00 -5.351050290068655180e-01 3.612131128125282586e+00
1.000000000000000000e+00 0.000000000000000000e+00 2.671732999631728944e+00 -1.866159604537738659e+00 -5.806667873099380373e-01 8.580637588892425782e-02
-2.000000000000000000e+00 0.000000000000000000e+00 2.058739583420365005e+00 5.391940675265587402e+00 1.036541678179618398e+00 -3.686982528192235264e-01
-1.000000000000000000e+00 0.000000000000000000e+00 2.063178909982111620e+00 -3.158025774356574278e+00 6.848141177132349711e-01 4.689115900340188325e-01
-1.000000000000000000e+00 1.000000000000000000e+00 2.229196215390635061e+00 -2.536479675275588264e+00 7.069634882832032119e-01 6.684090237284367575e+00
2.000000000000000000e+00 -1.000000000000000000e+00 3.237244023816003846e+00 -3.731925694737347143e+00 -1.004672215092292653e+00 -3.115374271389459437e+00
0.000000000000000000e+00 -1.000000000000000000e+00 1.778453570868757438e+00 2.350322954214053794e+00 2.142711936273822282e-02 -7.751935460175722881e+00
0.000000000000000000e+00 -1.000000000000000000e+00 2.889569842834796454e+00 1.258886918427553070e+00 -2.302636689609904863e-02 -6.814285001106151540e+00
1.000000000000000000e+00 0.000000000000000000e+00 2.459005885477767883e+00 6.346608418977353949e+00 -5.434225473026141895e-01 -5.703577905224186395e-01
0.000000000000000000e+00 0.000000000000000000e+00 1.927209902325871749e+00 -4.292895222076371198e+00 3.479709533605035432e-01 4.362108171218803676e-01
-2.000000000000000000e+00 1.000000000000000000e+00 1.781450534715897982e+00 -5.686292806839551517e+00 1.312908789903639795e+00 3.721535785474912927e+00
0.000000000000000000e+00 -1.000000000000000000e+00 2.145005702080001520e+00 7.256510038853303257e-02 8.090344051537190495e-02 -6.159890964747666509e+00
-2.000000000000000000e+00 2.000000000000000000e+00 1.888181583429716648e+00 -6.187088003123223601e+00 1.027802745881582380e+00 1.009162455946744608e+01
-1.000000000000000000e+00 2.000000000000000000e+00 2.316762634138646249e+00 -6.090806433536610776e+00 6.123605764030770615e-01 8.839948885002140599e+00
0.000000000000000000e+00 1.000000000000000000e+00 2.205369905377056128e+00 2.078703016019316507e-01 -1.048738055285975967e-01 5.545653305357689966e+00
-1.000000000000000000e+00 -1.000000000000000000e+00 1.768744460055676981e+00 3.236765610642146740e+00 6.442553070403280735e-01 -8.622407359169754315e+00
1.000000000000000000e+00 -1.000000000000000000e+00 2.752515200597455358e+00 -2.532063453222725968e-01 -2.852138394566199331e-01 -4.196058000846193181e+00
0.000000000000000000e+00 2.000000000000000000e+00 2.341038421128316838e+00 -6.791311485836718731e+00 -2.331042632262416703e-01 9.863733075579869336e+00
-1.000000000000000000e+00 -1.000000000000000000e+00 2.317363318294035857e+00 2.901122802153629721e+00 3.373683565175924493e-01 -5.641751250139964924e+00
0.000000000000000000e+00 1.000000000000000000e+00 2.178208756869780771e+00 -9.748452587059412977e-01 1.359289928467064534e-01 7.331711661387768864e+00
0.000000000000000000e+00 0.000000000000000000e+00 2.773203346197695041e+00 1.256646587878197607e+00 -9.618600122995690782e-02 2.874365236801684986e+00
2.000000000000000000e+00 1.000000000000000000e+00 3.096506586727635124e+00 1.135436912597427295e+00 -7.856109348751312282e-01 3.220027046096328505e+00
2.000000000000000000e+00 2.000000000000000000e+00 3.057311134250813023e+00 -5.508879744977727810e+00 -8.658551164326699912e-01 7.574687244546874254e+00
-1.000000000000000000e+00 -1.000000000000000000e+00 2.199839963433491086e+00 3.046327016029701795e-01 7.392779473062009998e-01 -4.817119118785939236e+00
-1.000000000000000000e+00 1.000000000000000000e+00 2.630704028019967389e+00 -6.471518636763518018e+00 4.602313904684454116e-01 7.260596406027439720e+00
-2.000000000000000000e+00 0.000000000000000000e+00 2.159591981357619428e+00 1.991025768301730281e+00 9.912954772044542118e-01 1.519262979079497811e+00
-1.000000000000000000e+00 0.000000000000000000e+00 1.754238637148166857e+00 -5.247168835269010678e+00 7.897285063430221630e-01 8.580144410552383860e-01
1.000000000000000000e+00 -1.000000000000000000e+00 2.819229427997943738e+00 1.046691305537880368e+00 -3.731289160335671262e-01 -7.522799161964523584e+00
1.000000000000000000e+00 -2.000000000000000000e+00 2.857550669529083986e+00 3.782324396517548593e+00 -5.001968157546818894e-01 -8.954732723376062964e+00
0.000000000000000000e+00 0.000000000000000000e+00 2.359676354870780202e+00 -3.963980277023074983e+00 1.638449756610929064e-01 1.699400611499890523e+00
0.000000000000000000e+00 1.000000000000000000e+00 3.052314764637150901e+00 -6.931371936689671998e+00 -5.308000522116707032e-02 2.414809694736542056e+00
-2.000000000000000000e+00 -1.000000000000000000e+00 1.947352930918562652e+00 -6.325393451381700061e-02 1.192146836420457490e+00 -5.624645412790798105e+00
1.000000000000000000e+00 2.000000000000000000e+00 2.586151132674318731e+00 -5.465981712847620244e+00 -4.490882059067655696e-01 1.242239055869721120e+01
-1.000000000000000000e+00 0.000000000000000000e+00 2.663133219066458501e+00 1.461133596085270270e+00 3.767848923259036198e-01 -2.292843929915188816e+00
-1.000000000000000000e+00 -1.000000000000000000e+00 2.259071100993614412e+00 3.969819064068015990e+00 6.505108417754033034e-01 -3.869440360069868134e+00
1.000000000000000000e+00 0.000000000000000000e+00 2.898999145795203791e+00 3.894206660399966324e+00 -6.291887002776781479e-01 -1.946367100206291667e+00
2.000000000000000000e+00 1.000000000000000000e+00 2.979571976847876780e+00 -2.922125237411707488e+00 -1.210040127133401811e+00 6.639187226570202327e+00
1.000000000000000000e+00 0.000000000000000000e+00 2.866348684591669915e+00 -4.550987307371284984e+00 -2.590308732368167277e-01 5.303323625382478923e-01
-1.000000000000000000e+00 -1.000000000000000000e+00 2.919695713990706487e+00 2.581683878400463428e+00 2.694780896631923106e-01 -3.142477406777871352e+00
-1.000000000000000000e+00 2.000000000000000000e+00 2.065188547287300391e+00 -6.794865346070588785e+00 6.120750536909853601e-01 1.202675830997980988e+01
0.000000000000000000e+00 -1.000000000000000000e+00 2.468491279442567965e+00 -4.697004377956206511e-01 -1.761443479617321728e-01 -6.208229646546283398e+00
0.000000000000000000e+00 -2.000000000000000000e+00 2.555006238197940149e+00 4.434812008240351489e+00 -7.216880556187454943e-02 -8.953590516349800410e+00
0.000000000000000000e+00 -1.000000000000000000e+00 2.452653109444584256e+00 6.524287251961714773e+00 2.166426794549054513e-01 -3.914943501065220488e+00
-1.000000000000000000e+00 0.000000000000000000e+00 2.691024243302643892e+00 -3.134727345340364124e+00 2.532062022806984558e-01 -3.132086838011516328e-01
-1.000000000000000000e+00 1.000000000000000000e+00 2.198122683807472999e+00 2.596297564078891895e+00 3.336803346479544352e-01 3.369129964318847925e+00
0.000000000000000000e+00 0.000000000000000000e+00 2.823344353094858761e+00 4.057755370018533370e+00 9.843778415965509510e-03 -5.965065447576041180e-01
0.000000000000000000e+00 0.000000000000000000e+00 2.038619822651486224e+00 1.519754490626290533e+00 -1.021383067347252371e-01 -1.964849602855153421e+00
1.000000000000000000e+00 0.000000000000000000e+00 2.780816807958388370e+00 -5.890846996965190208e+00 -4.399984152748950272e-01 5.923002260828784671e-01
-1.000000000000000000e+00 -1.000000000000000000e+00 2.233159196733933705e+00 -1.975315740587424429e-01 7.897714436282843309e-01 -6.201595498821876440e+00
0.000000000000000000e+00 1.000000000000000000e+00 2.204081772476786050e+00 2.669068485530965873e+00 -2.681764382109415035e-01 3.491206971330344189e+00
0.000000000000000000e+00 1.000000000000000000e+00 1.801375871284956798e+00 -6.618835099716056547e+00 1.696677090011913247e-01 2.003982003643054455e+00
2.000000000000000000e+00 2.000000000000000000e+00 3.071429453565523993e+00 -6.145317109355662666e+00 -9.820589448268401966e-01 7.962858333411690026e+00
2.000000000000000000e+00 -1.000000000000000000e+00 3.249898974621852510e+00 5.861071627781839766e+00 -9.536397027756740030e-01 -7.294442764878454888e+00
-1.000000000000000000e+00 1.000000000000000000e+00 2.200983117213419771e+00 -2.766062707169275825e+00 4.405824339675108448e-01 7.516525804382125031e+00
-2.000000000000000000e+00 -1.000000000000000000e+00 1.800390481240037754e+00 -6.429420717217837478e-01 1.041683830387488907e+00 -5.958061806384708170e+00
-2.000000000000000000e+00 0.000000000000000000e+00 1.798524081890033655e+00 3.027527007342811771e+00 9.813075124343779709e-01 2.873481297609279395e+00
-2.000000000000000000e+00 -1.000000000000000000e+00 2.007973886048943779e+00 5.423191500961754841e+00 1.013134994959987711e+00 -8.248891337926227862e+00
2.000000000000000000e+00 2.000000000000000000e+00 3.211605388779431358e+00 -4.687049021394092740e+00 -1.239934713822287593e+00 1.055796158847104849e+01
-1.000000000000000000e+00 -1.000000000000000000e+00 2.859404781177318000e+00 1.708557852102300600e+00 2.306096510243844655e-01 -8.174695655653399839e+00
-1.000000000000000000e+00 -1.000000000000000000e+00 2.209537922967610868e+00 -1.659699227770383700e+00 7.519228666870905187e-01 -2.621350612181884365e+00
2.000000000000000000e+00 1.000000000000000000e+00 3.091588871625971180e+00 4.104399197377350816e-02 -8.630707955321259561e-01 4.452913161949997978e+00
0.000000000000000000e+00 0.000000000000000000e+00 2.286640812798862221e+00 -1.364752874841327568e+00 1.263701756399289167e-01 1.811450679567437660e+00
-1.000000000000000000e+00 2.000000000000000000e+00 2.481193439255646283e+00 -4.520206029512157109e+00 7.002723436923199429e-01 8.782183845841743164e+00
-1.000000000000000000e+00 -1.000000000000000000e+00 2.391534714180271415e+00 2.208225048353906317e+00 3.153319073046216836e-01 -3.480425144044186681e+00
2.000000000000000000e+00 -1.000000000000000000e+00 3.023965688531461637e+00 4.789834570539998282e+00 -8.616981511179302444e-01 -4.081374111001277782e+00
0.000000000000000000e+00 1.000000000000000000e+00 2.038637943316215395e+00 -1.256223032741039525e+00 1.506745020477495700e-02 4.591297279878767235e+00
-1.000000000000000000e+00 1.000000000000000000e+00 2.548166997552185897e+00 -4.543634605457131492e+00 3.759089848795955646e-01 6.943343814377517909e+00
1.000000000000000000e+00 1.000000000000000000e+00 2.508580807543515867e+00 1.767487304796446779e+00 -4.001014728358889272e-01 4.874773483729914147e+00
-2.000000000000000000e+00 0.000000000000000000e+00 1.787695578543145647e+00 -2.471931559851198834e+00 9.349592195198712652e-01 8.579110544537220662e-01
1.000000000000000000e+00 -1.000000000000000000e+00 3.045059300575551298e+00 -2.400693861421062891e+00 -1.964077876710632609e-01 -4.196993769566154775e+00
0.000000000000000000e+00 -1.000000000000000000e+00 3.017210526512327018e+00 2.553509904734978520e+00 -1.100894866941151129e-01 -8.101597799212685302e+00
-1.000000000000000000e+00 -1.000000000000000000e+00 1.876034244119387573e+00 6.180226428082136181e+00 8.444401422502911814e-01 -7.675730649949215945e+00
0.000000000000000000e+00 -1.000000000000000000e+00 2.408080677323443108e+00 2.131784917877013186e+00 8.793082438041111004e-04 -3.583575867297935424e+00
1.000000000000000000e+00 1.000000000000000000e+00 2.512497432893003424e+00 -2.738244440040890737e+00 -2.842485888149561823e-01 7.344836124555939705e+00
3.000000000000000000e+00 0.000000000000000000e+00 3.173476969567849526e+00 -2.005584855938901789e+00 -1.359640810589723303e+00 3.547089075148397441e-01
1.000000000000000000e+00 1.000000000000000000e+00 2.602113612818087063e+00 -3.667222090469714146e+00 -4.169390448750114331e-01 6.616692716141619357e+00
-1.000000000000000000e+00 1.000000000000000000e+00 2.735755202605150593e+00 9.099546614715006143e-01 2.442698048895493024e-01 5.800104361364736505e+00
2.000000000000000000e+00 1.000000000000000000e+00 3.054596307261296495e+00 -2.066783908491848010e+00 -1.156870345240289977e+00 5.190739569495077532e+00
0.000000000000000000e+00 1.000000000000000000e+00 2.386899230139580830e+00 -1.465101016882721652e+00 2.647154679347529793e-02 4.542851340730543086e+00
0.000000000000000000e+00 1.000000000000000000e+00 2.488679455852267353e+00 -5.072456458374183796e+00 1.134707233338905219e-01 6.519489571546223772e+00
0.000000000000000000e+00 -2.000000000000000000e+00 1.757075666544250181e+00 3.184932021438877214e+00 3.119672523859986502e-01 -8.808033845360073499e+00
1.000000000000000000e+00 0.000000000000000000e+00 2.988600357125279050e+00 5.594078105499551867e+00 -7.102122941169692893e-01 6.408289399428692690e-01
1.000000000000000000e+00 1.000000000000000000e+00 2.827161745652111868e+00 -2.671314989366520898e+00 -5.673771067118766886e-01 5.426219665476010867e+00
1.000000000000000000e+00 0.000000000000000000e+00 3.096326741735552446e+00 4.031631151872407059e+00 -2.994567059924548857e-01 -2.841366417759942919e-01
0.000000000000000000e+00 2.000000000000000000e+00 2.974203260964794371e+00 -5.663675540212622650e+00 -5.473250936814233469e-02 7.755476028785631470e+00
0.000000000000000000e+00 2.000000000000000000e+00 1.840050003542239576e+00 -2.955381275575229338e+00 1.419387728324550402e-01 8.087551404820471745e+00
0.000000000000000000e+00 1.000000000000000000e+00 1.841617777664746436e+00 -4.288039389681840063e+00 2.071241290488854414e-01 2.418752880911400283e+00
0.000000000000000000e+00 0.000000000000000000e+00 1.831887586087759257e+00 -3.090245199071707916e+00 9.429125444954467028e-02 -2.143481390120072660e+00
0.000000000000000000e+00 0.000000000000000000e+00 2.015759017945747189e+00 -6.614239508760277886e-02 1.479398541946221890e-01 2.588355714414028341e+00
0.000000000000000000e+00 0.000000000000000000e+00 1.969364328020533295e+00 -5.517231596616392508e+00 2.055291654984523486e-01 -9.898396024597717613e-01
1.000000000000000000e+00 1.000000000000000000e+00 2.262845300148943917e+00 -6.077632817243348029e-01 -3.283329254443598799e-01 6.712196131269076105e+00
0.000000000000000000e+00 -1.000000000000000000e+00 2.962675355595502324e+00 -4.456214503987769859e-01 1.431539832401167445e-01 -3.433815669123350567e+00
1.000000000000000000e+00 -1.000000000000000000e+00 2.177407228562067143e+00 -3.412699926265331030e+00 -4.235628497694179373e-01 -3.045763641959347900e+00
0.000000000000000000e+00 0.000000000000000000e+00 1.864997363292220323e+00 -1.713766585775351459e+00 3.114929703599289557e-01 5.506965659962617110e-01
1.000000000000000000e+00 1.000000000000000000e+00 2.846960623042344540e+00 -1.634419637897801536e+00 -6.313769917576972368e-01 2.821997835132675547e+00
-1.000000000000000000e+00 0.000000000000000000e+00 2.305305857357540678e+00 -3.449483336269179024e+00 3.755973877725033994e-01 -2.895853277934352654e-01
-1.000000000000000000e+00 1.000000000000000000e+00 1.770424918379552182e+00 -4.520845815804451107e+00 7.497492282685374043e-01 6.206790434706762838e+00
0.000000000000000000e+00 2.000000000000000000e+00 1.978137626352539868e+00 -2.443761091890914727e+00 3.198549246961022163e-01 8.792056081570491344e+00
0.000000000000000000e+00 1.000000000000000000e+00 1.813929249454395709e+00 -3.410003947370785049e+00 1.899155841977728798e-02 4.709129473271441491e+00
-1.000000000000000000e+00 2.000000000000000000e+00 2.543755585684954745e+00 -6.740330536913452519e+00 5.696592482209683617e-01 1.021952814681147892e+01
0.000000000000000000e+00 0.000000000000000000e+00 2.569417491788350105e+00 -6.349592801495979266e+00 8.607979379009877974e-02 4.967558006450358832e-01
1.000000000000000000e+00 1.000000000000000000e+00 2.543125331203950790e+00 -5.033301335097974061e+00 -7.532956285239946759e-01 3.424080613173781984e+00
-1.000000000000000000e+00 0.000000000000000000e+00 1.970369438357126857e+00 2.183862185234739073e+00 5.234165438077664767e-01 4.759358322013262921e-02
1.000000000000000000e+00 -1.000000000000000000e+00 2.854228710663865520e+00 1.227969433281854705e+00 -4.663436429978515818e-01 -3.527836935863808421e+00
-1.000000000000000000e+00 -2.000000000000000000e+00 2.346121445706252473e+00 4.953399421704656191e+00 6.212687112477341955e-01 -1.149541122094463397e+01
-2.000000000000000000e+00 -2.000000000000000000e+00 2.036358002368018116e+00 3.504007984166339185e+00 1.067865936252240910e+00 -8.790700116291274568e+00
-1.000000000000000000e+00 1.000000000000000000e+00 2.694143960106881064e+00 -2.657163421117743951e+00 2.495946358707987756e-01 2.801861522432623097e+00
-1.000000000000000000e+00 -1.000000000000000000e+00 1.946007085245844426e+00 6.493827148443269692e-01 6.093199190890068451e-01 -3.894455463091382796e+00
2.000000000000000000e+00 1.000000000000000000e+00 2.976784899179576893e+00 -2.942959497423414561e+00 -8.824784797418354643e-01 3.689087752585339608e+00
2.000000000000000000e+00 2.000000000000000000e+00 2.680443745894376839e+00 -6.123085951274592986e+00 -8.058929133821148838e-01 9.017878723506621341e+00
0.000000000000000000e+00 2.000000000000000000e+00 2.965236081354606590e+00 -5.689278286283000696e+00 1.711667244175831826e-01 1.203255456717069016e+01
1.000000000000000000e+00 0.000000000000000000e+00 2.939287019264650525e+00 -5.817286596558417955e+00 -3.850057662843417994e-01 9.135537198562886374e-01
-1.000000000000000000e+00 0.000000000000000000e+00 1.948321286578443168e+00 -4.206285857806600248e+00 7.690637591215208069e-01 1.016467943263559270e+00
-2.000000000000000000e+00 0.000000000000000000e+00 2.013691378922699116e+00 -2.056627488531082015e+00 9.222944272176394342e-01 -5.249303490815648843e-01
0.000000000000000000e+00 0.000000000000000000e+00 1.856587877535218478e+00 4.901125657070927844e+00 2.149853538333523773e-04 -3.593571995726172474e-01
1.000000000000000000e+00 2.000000000000000000e+00 3.186328971735425508e+00 -6.112031158529484642e+00 -3.234479003850161405e-01 1.282453687682803434e+01
0.000000000000000000e+00 0.000000000000000000e+00 2.238193107807941118e+00 3.552785772940403319e-01 -1.346345956163585988e-01 4.714857125031199914e-01
1.000000000000000000e+00 1.000000000000000000e+00 3.186710198955866158e+00 -4.136052183750641653e+00 -4.394164494302921220e-01 2.726753177571292319e+00
1.000000000000000000e+00 1.000000000000000000e+00 2.497716959742953158e+00 -6.924164413773598703e+00 -6.335457169986562498e-01 4.091402202404777810e+00
-1.000000000000000000e+00 1.000000000000000000e+00 2.024264502710634517e+00 -4.899783574532283303e+00 4.238869514288055029e-01 2.124508352754195251e+00
1.000000000000000000e+00 0.000000000000000000e+00 2.801120161454110580e+00 1.642439720441160489e+00 -2.942743286580982165e-01 2.457655893589441476e+00
-1.000000000000000000e+00 2.000000000000000000e+00 1.899518119008333006e+00 -5.850701259246696040e+00 3.923507535489272335e-01 9.048378104721951587e+00
0.000000000000000000e+00 0.000000000000000000e+00 2.698698213981611360e+00 5.494574300471953165e+00 -4.003361973351404757e-02 -6.983108978390184518e-02
-1.000000000000000000e+00 1.000000000000000000e+00 2.015967488509763594e+00 -2.335015549717427419e+00 8.565065901063495524e-01 7.595017138846204219e+00
1.000000000000000000e+00 0.000000000000000000e+00 3.026705698812497403e+00 -1.645619674030633917e-01 -6.618668558970197680e-01 1.428309230549338338e+00
0.000000000000000000e+00 0.000000000000000000e+00 1.787231342557401570e+00 1.149301879200532284e+00 1.552980047108223349e-01 1.550356701117548752e+00
1.000000000000000000e+00 1.000000000000000000e+00 2.820203052760404283e+00 -3.552905617671631600e+00 -4.073919619076633580e-01 6.457135504090535605e+00
-1.000000000000000000e+00 0.000000000000000000e+00 2.110380265405327194e+00 -2.662172679237314377e+00 3.923634795894868077e-01 -4.947358286704428565e-01
-2.000000000000000000e+00 0.000000000000000000e+00 1.763529852173395751e+00 -1.604443009901705075e+00 1.458726304615699521e+00 -4.213378812345904834e-01
0.000000000000000000e+00 -2.000000000000000000e+00 2.711513043224524022e+00 5.574845202639327368e+00 2.184887232174284044e-01 -9.530460570739002435e+00
2.000000000000000000e+00 -1.000000000000000000e+00 2.850488813116827558e+00 4.040220345552453907e+00 -8.082900005663322673e-01 -6.308133610152714787e+00
1.000000000000000000e+00 0.000000000000000000e+00 2.617485257761348993e+00 2.309429722569284138e+00 -3.022921496450443613e-01 -2.532566836397379895e+00
0.000000000000000000e+00 -1.000000000000000000e+00 2.150636839568788261e+00 6.850961984955326045e-01 1.837413655735806728e-01 -3.452085659310447419e+00
1.000000000000000000e+00 -1.000000000000000000e+00 2.651592875837624597e+00 -2.034109095614632601e+00 -3.499636728658113149e-01 -3.271282741155868479e+00
2.000000000000000000e+00 2.000000000000000000e+00 3.230989057992785796e+00 -4.356431230439905988e+00 -9.823096041361960573e-01 1.080103382581750182e+01
2.000000000000000000e+00 -1.000000000000000000e+00 2.815294239896168893e+00 -1.542353151743925288e+00 -9.436683739128206572e-01 -5.414353630027455289e+00
-1.000000000000000000e+00 0.000000000000000000e+00 2.006174439246816821e+00 3.547762058095036863e+00 8.564788250864432406e-01 -1.440128893280403943e+00
-2.000000000000000000e+00 1.000000000000000000e+00 2.122518350362830653e+00 -7.005635888655250554e-01 9.832750584951797101e-01 6.735848876552632980e+00
0.000000000000000000e+00 -1.000000000000000000e+00 2.298314673565508670e+00 2.670914619544381807e+00 2.457763672056438864e-01 -8.151512693901469930e+00
1.000000000000000000e+00 0.000000000000000000e+00 2.701937542348171739e+00 -5.782112246060013838e+00 -2.865144295832733334e-01 2.867825761222446701e-01
0.000000000000000000e+00 0.000000000000000000e+00 2.210456044723460245e+00 4.208270137033240488e+00 2.623363396611289033e-01 2.028638082181236868e+00
0.000000000000000000e+00 2.000000000000000000e+00 1.999201725967262089e+00 -5.306011837711043455e+00 2.439149769275417157e-01 7.872647223701074282e+00
-1.000000000000000000e+00 -1.000000000000000000e+00 2.205154751944864877e+00 3.930867240870647095e+00 7.506999581476958561e-01 -6.633225305255413318e+00
