-1.000000000000000000e+00 2.000000000000000000e+00 1.952054877144258516e+00 -1.470438079337498394e+01 6.040416703669153620e-01 1.064333426958990358e+01
-1.000000000000000000e+00 -3.000000000000000000e+00 1.062875177947447680e+00 7.614378079888957984e+00 9.805512237068823023e-01 -1.606669420958836980e+01
1.000000000000000000e+00 -2.000000000000000000e+00 2.118050605657281427e+00 9.119238305441609072e+00 -8.020154224078921423e-01 -1.141093150494856623e+01
3.000000000000000000e+00 -2.000000000000000000e+00 3.873574913835854172e+00 1.292959915591565689e+01 -2.191092607781208734e+00 -1.341805950837821371e+01
-3.000000000000000000e+00 -3.000000000000000000e+00 1.320045307071774365e+00 1.405591816813668515e+01 1.920746236686494468e+00 -2.103070616918294533e+01
3.000000000000000000e+00 -3.000000000000000000e+00 3.764665811775175008e+00 9.375684697790276800e+00 -1.448887834467348146e+00 -1.761278687977236856e+01
0.000000000000000000e+00 -2.000000000000000000e+00 1.667775235142938239e+00 4.507927180959189428e+00 -3.941036974784388747e-01 -1.513283903757412752e+01
-3.000000000000000000e+00 -1.000000000000000000e+00 1.309162660808955270e+00 -1.138853618315633298e+01 2.042698113718911301e+00 -2.635244139478119862e+00
-2.000000000000000000e+00 0.000000000000000000e+00 1.293630950488337206e+00 -4.618280700301626851e+00 1.622102784373222306e+00 3.009375517484329521e-01
-1.000000000000000000e+00 -2.000000000000000000e+00 2.967763621478116676e+00 1.014788352628580981e+01 7.514475772443289792e-01 -1.444356582629192332e+01
-2.000000000000000000e+00 -1.000000000000000000e+00 1.894511831801866553e+00 1.160823121590567553e+01 1.489074167839647078e+00 -5.136638212852517427e+00
0.000000000000000000e+00 -2.000000000000000000e+00 2.368639201918107950e+00 1.455879680848337188e+00 -2.482432317336225047e-01 -1.475551996980187575e+01
-2.000000000000000000e+00 1.000000000000000000e+00 1.645481506170403119e+00 -1.131244077076997634e+01 1.298041459679309728e+00 2.412372757129924494e+00
2.000000000000000000e+00 0.000000000000000000e+00 3.726230298205457814e+00 8.845654727938839557e+00 -7.578113160043304930e-01 -1.577960079615728262e+00
-1.000000000000000000e+00 -2.000000000000000000e+00 1.184392982586280230e+00 1.489117356646775292e+01 9.798184479433027505e-01 -1.220756973689048053e+01
2.000000000000000000e+00 -3.000000000000000000e+00 2.364143375614392806e+00 1.123312837555717536e+01 -1.217485827260567088e+00 -1.846416601621368869e+01
-3.000000000000000000e+00 0.000000000000000000e+00 1.742527289777603183e+00 7.730490180432678216e+00 1.980960008628083191e+00 -2.681883909179752834e+00
-1.000000000000000000e+00 -3.000000000000000000e+00 1.745820412416975831e+00 3.209931786669869780e+00 6.373235515804300810e-01 -1.770143346422954522e+01
-2.000000000000000000e+00 2.000000000000000000e+00 1.669349777246687427e+00 -4.755527016826945896e-01 1.210830854959842551e+00 8.730786463119727614e+00
0.000000000000000000e+00 -1.000000000000000000e+00 3.244930230588337405e+00 -6.846448107711786690e-01 1.105575860456609050e-02 -4.201061595305397134e+00
-3.000000000000000000e+00 1.000000000000000000e+00 2.128934193489593341e+00 3.080662411501283060e+00 1.691883047269367779e+00 6.253780952519385039e+00
-3.000000000000000000e+00 1.000000000000000000e+00 1.071277810635293815e+00 -9.322696293208945661e+00 2.919149122111007966e+00 2.159480826898597883e+00
1.000000000000000000e+00 -2.000000000000000000e+00 3.682252048334270000e+00 7.558860417878854321e+00 -1.990654085943601714e-01 -1.303263978406388546e+01
0.000000000000000000e+00 2.000000000000000000e+00 2.017525315148452680e+00 -1.504216270462675809e+00 2.949235889503740715e-01 1.090115691388338526e+01
2.000000000000000000e+00 0.000000000000000000e+00 2.960398408990775998e+00 5.297025722359272493e+00 -8.466636627893153744e-01 -8.492074379528808947e-01
-2.000000000000000000e+00 0.000000000000000000e+00 2.298499554155407409e+00 7.768164672056038000e+00 8.753281932950618405e-01 -1.501211610225507087e+00
-2.000000000000000000e+00 -1.000000000000000000e+00 1.822694147136925791e+00 -1.319061261098951832e+00 1.306323170608567841e+00 -2.688915262360804803e+00
2.000000000000000000e+00 -2.000000000000000000e+00 3.957715783906308182e+00 -2.743354573204038971e+00 -7.177671434027486086e-01 -1.220180590214566330e+01
2.000000000000000000e+00 -2.000000000000000000e+00 3.000814271919569620e+00 2.212146601374875843e-01 -1.100529766639568141e+00 -1.192814552322674437e+01
2.000000000000000000e+00 -3.000000000000000000e+00 2.767587420994584324e+00 1.088834567678098253e+01 -1.045300283230127247e+00 -1.956619952738319768e+01
2.000000000000000000e+00 0.000000000000000000e+00 3.359966886364284200e+00 1.223443979375374369e+01 -7.840097498334390735e-01 2.629631998122253123e+00
3.000000000000000000e+00 0.000000000000000000e+00 3.793107041316992056e+00 1.221219866019965750e+01 -2.565878290827884545e+00 1.056656716358279624e+00
-2.000000000000000000e+00 0.000000000000000000e+00 3.174410454425121486e+00 -1.088532844359779617e+01 8.095807067447187144e-01 -7.530244980435796265e-01
-3.000000000000000000e+00 0.000000000000000000e+00 2.188612377421204513e+00 6.680613539789913347e+00 1.662146876306252352e+00 -7.596231243064828220e-01
-2.000000000000000000e+00 -2.000000000000000000e+00 2.297026843189908796e+00 5.125969776802474343e+00 1.444218675424193687e+00 -9.882742825425205879e+00
2.000000000000000000e+00 -3.000000000000000000e+00 3.664185940491551996e+00 1.173110977552792988e+01 -1.204582229864167520e+00 -2.479944305383125780e+01
0.000000000000000000e+00 3.000000000000000000e+00 1.522718482970617959e+00 -1.378199071106237206e+01 -2.641179377524829341e-01 1.919046687314439481e+01
-1.000000000000000000e+00 -1.000000000000000000e+00 2.045078170540842066e+00 -1.276600209127488839e+00 3.957459471626734171e-01 -4.269371818037138056e+00
-1.000000000000000000e+00 1.000000000000000000e+00 1.766057111716287320e+00 -1.354896043491033808e+01 4.871971662700569361e-01 4.892497312169298951e+00
3.000000000000000000e+00 0.000000000000000000e+00 3.943572328539517002e+00 1.045741917611742622e+00 -1.391084146158311441e+00 1.088531034139300857e+00
-1.000000000000000000e+00 0.000000000000000000e+00 2.149426029958105389e+00 1.229788821963705558e+01 5.561585841491880622e-01 2.151003320768726468e+00
-1.000000000000000000e+00 1.000000000000000000e+00 1.574434354774690403e+00 -8.640034359445678547e-01 4.493627823741548344e-01 7.119399921707547207e+00
2.000000000000000000e+00 -1.000000000000000000e+00 2.855000528491510092e+00 3.211154664109795220e+00 -9.452676248904219314e-01 -4.162978251615880865e+00
-1.000000000000000000e+00 3.000000000000000000e+00 2.353701836509147327e+00 -6.868434658625512057e+00 7.941261860599109212e-01 1.566737529864065159e+01
2.000000000000000000e+00 -1.000000000000000000e+00 3.207303554228515097e+00 -7.035036620623635883e-02 -1.069645087607428824e+00 -8.192172170652879615e+00
-1.000000000000000000e+00 -3.000000000000000000e+00 1.009001206198306910e+00 1.089877440272793763e+01 5.696195521792941641e-01 -1.839924077768603894e+01
1.000000000000000000e+00 -3.000000000000000000e+00 3.001493846806519095e+00 9.575529127527850903e+00 -3.776589787818482868e-01 -2.321071425806236732e+01
-2.000000000000000000e+00 0.000000000000000000e+00 1.454422633200424197e+00 -4.220479811643285117e+00 1.451718325680237065e+00 -2.155595663358003122e-01
1.000000000000000000e+00 1.000000000000000000e+00 2.497606138215495708e+00 -3.746310690804364185e+00 -4.952201050493818535e-01 3.700107266399111694e+00
-2.000000000000000000e+00 1.000000000000000000e+00 2.218810015842529904e+00 6.778066178711089407e+00 1.167738152840427812e+00 7.194536481305263464e+00
3.000000000000000000e+00 2.000000000000000000e+00 3.734262583888319220e+00 -7.608278505087646693e-01 -2.164809944319224577e+00 1.385495386876024071e+01
-1.000000000000000000e+00 0.000000000000000000e+00 1.190813387896550779e+00 -6.248645312978132083e+00 9.159946810043040344e-01 -1.217849635620900983e+00
3.000000000000000000e+00 -1.000000000000000000e+00 3.375501315558627979e+00 1.093262378582704386e+01 -2.116076544141355598e+00 -9.186790340278346179e+00
1.000000000000000000e+00 3.000000000000000000e+00 3.954635334329430929e+00 -9.161496901267126347e+00 -2.146707672317123006e-01 1.813914241287697138e+01
-3.000000000000000000e+00 -3.000000000000000000e+00 1.691554308816886065e+00 1.420198192352001243e+01 1.910551288062985131e+00 -2.379567788572975928e+01
1.000000000000000000e+00 -3.000000000000000000e+00 2.399270559708958306e+00 7.457657809967205509e+00 -4.189427764693254286e-01 -2.051816053142515983e+01
-3.000000000000000000e+00 1.000000000000000000e+00 1.019086382181593642e+00 -8.174843755992586836e+00 1.752329167354506723e+00 3.584992152756736772e+00
1.000000000000000000e+00 0.000000000000000000e+00 3.238339304028793997e+00 -1.296447270958609543e+01 -1.978723935991966165e-01 5.753147693305926680e-02
3.000000000000000000e+00 -1.000000000000000000e+00 3.744705984803100129e+00 1.055574117709803872e+01 -2.376827412660246885e+00 -6.107759859741122455e+00
-1.000000000000000000e+00 -2.000000000000000000e+00 3.913731527039438163e+00 1.629823723843298211e+00 6.957687215520547142e-02 -9.972852415205107235e+00
-2.000000000000000000e+00 3.000000000000000000e+00 2.063823670594626236e+00 -7.298914413273189794e+00 1.086718708183401993e+00 2.053017474429726974e+01
1.000000000000000000e+00 -2.000000000000000000e+00 2.724526872437577296e+00 -4.590154461741711600e+00 -6.153704260985430885e-01 -9.879168500106185746e+00
0.000000000000000000e+00 1.000000000000000000e+00 1.643075159184742340e+00 7.114118918229223709e+00 2.820086921240454458e-01 5.818734833685194729e+00
-2.000000000000000000e+00 -3.000000000000000000e+00 1.987090797719765600e+00 8.524669391598617807e+00 1.408627045604257777e+00 -1.959279374484611225e+01
3.000000000000000000e+00 -3.000000000000000000e+00 3.742815849471873957e+00 3.783959325189350409e+00 -1.871410641860213442e+00 -1.540472049840951740e+01
1.000000000000000000e+00 2.000000000000000000e+00 2.834187582287171381e+00 -2.690924662459048378e+00 -2.563478483506518302e-01 9.230873507682309409e+00
3.000000000000000000e+00 -1.000000000000000000e+00 3.335879775867009123e+00 7.549602488884310958e+00 -1.706779473863015983e+00 -7.117425055110658150e+00
-2.000000000000000000e+00 -2.000000000000000000e+00 1.937225537293489452e+00 -1.601415810888553892e+00 1.025629161294926206e+00 -9.654169657431360463e+00
0.000000000000000000e+00 3.000000000000000000e+00 2.930601127285160423e+00 -1.420684655290489395e+01 9.834719099172062329e-02 2.465188185899389595e+01
-1.000000000000000000e+00 3.000000000000000000e+00 2.902432657571022201e+00 -8.388975845999866010e+00 5.063222179021473757e-01 1.383852617290750686e+01
-1.000000000000000000e+00 -3.000000000000000000e+00 1.678658743338240278e+00 1.350679982532642143e+01 8.114874430373193448e-01 -2.034814423490334434e+01
0.000000000000000000e+00 3.000000000000000000e+00 2.457971882824569576e+00 -7.833262007185201270e+00 6.427810459452842906e-02 1.732515151321548785e+01
3.000000000000000000e+00 2.000000000000000000e+00 3.293240191505949266e+00 -1.202486147878912703e+01 -1.585453042327497508e+00 1.193449106106710111e+01
2.000000000000000000e+00 -2.000000000000000000e+00 3.065793599623868104e+00 -5.266535595210513065e-01 -8.265477705088142280e-01 -1.281755731084047945e+01
1.000000000000000000e+00 3.000000000000000000e+00 2.672335409604710499e+00 -1.139008106819610333e+01 -6.851710597874136610e-01 1.619038544874292640e+01
-2.000000000000000000e+00 -2.000000000000000000e+00 1.805101575640196465e+00 5.889133605159685203e+00 1.407678832102417843e+00 -1.496878107703102501e+01
1.000000000000000000e+00 2.000000000000000000e+00 2.632807292301615032e+00 3.018537854767629369e+00 -2.770545305864806629e-01 9.323208274975822718e+00
-2.000000000000000000e+00 0.000000000000000000e+00 2.336030910248969139e+00 6.602680978253530952e+00 1.138150001297694836e+00 9.705493467048320611e-01
3.000000000000000000e+00 2.000000000000000000e+00 3.884618043908740326e+00 -7.208631660142573949e+00 -2.605614112823321005e+00 1.214487266682989919e+01
-1.000000000000000000e+00 -2.000000000000000000e+00 3.504141861051816687e+00 6.602839734511046998e+00 2.610269871780128703e-01 -1.509909012172417420e+01
3.000000000000000000e+00 -1.000000000000000000e+00 3.627552316867674875e+00 9.660976723852563453e-01 -1.980911642751037594e+00 -3.160871044360881399e+00
0.000000000000000000e+00 0.000000000000000000e+00 3.673130632502824788e+00 -8.700672717341722873e+00 5.509591587190199036e-02 -1.110415706999781094e+00
3.000000000000000000e+00 -1.000000000000000000e+00 3.582611147419159980e+00 -6.992274094220778835e+00 -2.099535411896698012e+00 -4.716179266509744394e+00
2.000000000000000000e+00 2.000000000000000000e+00 3.542276876245246342e+00 -1.355677982922098401e+01 -1.068181372701182852e+00 6.254036818155448429e+00
3.000000000000000000e+00 3.000000000000000000e+00 3.010220051000012553e+00 -1.195048604838971684e+01 -1.851497099613940822e+00 1.426847042867560944e+01
0.000000000000000000e+00 -1.000000000000000000e+00 1.579652224669658267e+00 -2.159565869931604709e+00 1.943059895246768143e-01 -4.347068990216744311e+00
-2.000000000000000000e+00 -3.000000000000000000e+00 2.129572982813902282e+00 8.816602664524079813e+00 1.311498906276832077e+00 -2.187546062477161968e+01
1.000000000000000000e+00 1.000000000000000000e+00 2.701256635013903562e+00 -6.600943000272151195e+00 -2.606623354692403360e-01 6.531336752882944907e+00
-1.000000000000000000e+00 1.000000000000000000e+00 2.285046506749596418e+00 -4.946910578760764565e+00 3.952918538030529838e-01 6.893274188194432384e+00
3.000000000000000000e+00 2.000000000000000000e+00 3.691811079326356548e+00 -5.718091276718993754e+00 -2.453638005238661268e+00 1.270721544428154459e+01
-1.000000000000000000e+00 0.000000000000000000e+00 2.627518503029585339e+00 9.916190008717840954e+00 3.204109890515747239e-01 4.101383100489019995e+00
2.000000000000000000e+00 2.000000000000000000e+00 2.818617509674587573e+00 -3.554439785206787050e+00 -1.047197170073825401e+00 1.072698244446576687e+01
-2.000000000000000000e+00 -1.000000000000000000e+00 2.368959314381567260e+00 -5.981342334616241985e+00 1.369889812112032423e+00 -3.006588793674012550e+00
3.000000000000000000e+00 0.000000000000000000e+00 3.722278517568116563e+00 1.029351557918375448e+01 -2.240504795324348208e+00 8.516719894150170944e-02
1.000000000000000000e+00 -2.000000000000000000e+00 3.291930068957667377e+00 1.046110237202338311e+00 -4.880057223579510328e-01 -1.296560136328254131e+01
0.000000000000000000e+00 3.000000000000000000e+00 1.233903372557329625e+00 -6.004081433801459866e+00 3.540565845235856823e-01 1.906884726170788724e+01
2.000000000000000000e+00 0.000000000000000000e+00 2.732280619882103245e+00 1.119891811987757535e+01 -1.124090165050174894e+00 -1.033863217976346505e+00
0.000000000000000000e+00 -3.000000000000000000e+00 3.420011283908760191e+00 1.277713728683561101e+01 -1.166850910407455366e-01 -2.569617709640422731e+01
1.000000000000000000e+00 3.000000000000000000e+00 2.822880885757339975e+00 -1.232143839307235567e+01 -7.571989865420811761e-01 1.586634665149387402e+01
-1.000000000000000000e+00 0.000000000000000000e+00 2.223205450922281834e+00 1.187823080238455020e+01 6.115874298651253760e-01 -3.091345549122568315e+00
-1.000000000000000000e+00 1.000000000000000000e+00 1.322573230467694483e+00 -1.047399767029289208e+01 6.471342531310673163e-01 6.602618029749294237e+00
-3.000000000000000000e+00 -2.000000000000000000e+00 2.206976530515182944e+00 1.194667485779321936e+01 1.643004331206950219e+00 -1.066177156611612276e+01
-2.000000000000000000e+00 2.000000000000000000e+00 1.783707606655967837e+00 -4.218959251542047539e+00 1.174760893121145067e+00 1.169867236114033737e+01
0.000000000000000000e+00 2.000000000000000000e+00 2.142189710011172199e+00 1.069912319836220149e+00 -1.879577632092952477e-01 1.130228276693120293e+01
1.000000000000000000e+00 -1.000000000000000000e+00 2.091476344926156195e+00 -6.194031289451359612e+00 -6.376903590393707688e-01 -7.192601274338290551e+00
2.000000000000000000e+00 -3.000000000000000000e+00 3.418223737445803767e+00 1.045973511193058059e+01 -1.184699489368797654e+00 -2.500149549711779429e+01
-1.000000000000000000e+00 3.000000000000000000e+00 1.326676618490764348e+00 -1.288275579734140308e+01 5.222759814463864281e-01 2.654650138960648675e+01
0.000000000000000000e+00 3.000000000000000000e+00 2.060929846476189375e+00 -1.125755129340170235e+01 -2.378149406688216949e-01 2.042558744899066880e+01
-3.000000000000000000e+00 -1.000000000000000000e+00 1.249081217797403998e+00 4.945186469170778309e+00 2.047174239066455570e+00 -8.638594374363886885e+00
3.000000000000000000e+00 0.000000000000000000e+00 3.744671714757355829e+00 1.362870474244251895e+01 -2.423892794936993056e+00 -2.793384154019868504e+00
-3.000000000000000000e+00 -3.000000000000000000e+00 1.557820318267449711e+00 3.887126542908237781e+00 2.319170920800894375e+00 -1.646587877056106208e+01
-1.000000000000000000e+00 -1.000000000000000000e+00 1.321363585123870976e+00 4.310746001979453013e-01 4.800843284677207556e-01 -6.496052618114443788e+00
-1.000000000000000000e+00 2.000000000000000000e+00 1.452949222067937640e+00 8.258259423317433345e-01 8.894940763411574025e-01 1.133491650815987484e+01
-1.000000000000000000e+00 0.000000000000000000e+00 3.588567972253051686e+00 -1.439458567357910113e+00 2.553158186181767597e-01 -5.531971298691082950e-01
0.000000000000000000e+00 0.000000000000000000e+00 2.121415160283275814e+00 -4.001755634123005834e+00 -1.263735397264520444e-02 -1.928658477869417354e+00
0.000000000000000000e+00 -1.000000000000000000e+00 1.984701093481635370e+00 7.417776035994748440e+00 2.598475971767248982e-01 -8.104293934122742016e+00
-1.000000000000000000e+00 1.000000000000000000e+00 1.807355282227312454e+00 -1.352165991962745295e+01 6.946061836067216611e-01 1.585794338027902484e+00
-2.000000000000000000e+00 -2.000000000000000000e+00 3.123827329316090751e+00 1.590126860301243283e+00 8.732566609576326577e-01 -1.261919929240700355e+01
3.000000000000000000e+00 0.000000000000000000e+00 3.411924312466001030e+00 5.843424092638326073e+00 -1.503025010450870447e+00 4.069829271527289904e-01
3.000000000000000000e+00 0.000000000000000000e+00 3.204132544575316377e+00 9.682528959887388709e+00 -1.986821732935388329e+00 -1.496090199365550433e+00
1.000000000000000000e+00 0.000000000000000000e+00 1.737382985650787415e+00 5.390441166066427314e+00 -4.420120680642860567e-01 -2.052252367232409114e+00
1.000000000000000000e+00 -2.000000000000000000e+00 2.694271978863154171e+00 -6.331566848074364984e+00 -4.677175012101000284e-01 -8.155904047671807433e+00
1.000000000000000000e+00 -1.000000000000000000e+00 3.181411512153477172e+00 -7.145751368339122500e+00 -2.234289282891341877e-01 -4.825454151089787480e+00
-1.000000000000000000e+00 -2.000000000000000000e+00 3.788517580696300513e+00 -5.356011399523854521e+00 1.268811731331318526e-01 -9.006649817213162379e+00
-1.000000000000000000e+00 0.000000000000000000e+00 2.000372717118046317e+00 1.101661869938963534e+01 6.306123218886625637e-01 -4.041708958853345024e+00
-1.000000000000000000e+00 -1.000000000000000000e+00 2.262505371418835676e+00 8.571396321483966574e+00 5.804871207462478644e-01 -8.425899928491920932e+00
3.000000000000000000e+00 -3.000000000000000000e+00 3.539732515895006593e+00 1.345588717910076682e+01 -1.476909308832922374e+00 -2.718813758816758508e+01
3.000000000000000000e+00 0.000000000000000000e+00 2.573104798226573564e+00 -1.102111997351385142e+01 -1.537980134743689664e+00 1.590444963971489045e-01
0.000000000000000000e+00 -2.000000000000000000e+00 3.078344392559627885e+00 4.883516156425478982e+00 8.536639915180588289e-02 -1.490736321470281389e+01
-1.000000000000000000e+00 -3.000000000000000000e+00 2.084580437647055362e+00 3.996066248634082996e+00 3.578415212673404788e-01 -1.624715676602444248e+01
2.000000000000000000e+00 1.000000000000000000e+00 2.147206041747934613e+00 4.348398633215598608e+00 -1.057573034192986761e+00 4.741832540629662418e+00
1.000000000000000000e+00 3.000000000000000000e+00 3.428697921275406291e+00 -8.837581392798394830e+00 -2.340661587321002379e-01 2.292120091099516443e+01
2.000000000000000000e+00 3.000000000000000000e+00 2.967822324815899027e+00 -1.303486766563225885e+01 -1.361433359206591920e+00 2.558386080383833061e+01
2.000000000000000000e+00 1.000000000000000000e+00 2.543078337070014960e+00 -1.140494265746711733e+01 -8.235054178756264776e-01 4.037646335604005543e+00
3.000000000000000000e+00 1.000000000000000000e+00 2.921805304859161012e+00 -8.092601923985807133e+00 -1.559765041079611336e+00 2.068807287617337565e+00
0.000000000000000000e+00 3.000000000000000000e+00 1.368607247011550898e+00 -1.494846691397674476e+01 -4.435966886953779387e-02 2.244519311780717885e+01
-1.000000000000000000e+00 1.000000000000000000e+00 2.939713668196798135e+00 -1.110922463935097326e+01 3.155453710067903650e-01 3.926403771646848284e+00
2.000000000000000000e+00 0.000000000000000000e+00 3.003614518292916813e+00 -5.192580962273236622e+00 -8.085663904093864929e-01 -1.106990633760227993e+00
2.000000000000000000e+00 0.000000000000000000e+00 3.582265613733103926e+00 2.506167737179001875e+00 -1.011666871012768087e+00 2.096098132892645793e+00
-2.000000000000000000e+00 2.000000000000000000e+00 1.911541625099934416e+00 -4.584370933977975682e+00 9.143985158926886125e-01 1.209735477722786712e+01
0.000000000000000000e+00 -3.000000000000000000e+00 1.504909358053237778e+00 1.102332466304914860e+01 -2.393593746752760154e-01 -2.229411832130163873e+01
0.000000000000000000e+00 1.000000000000000000e+00 1.989601501091465607e+00 -1.142131184705725389e+00 3.209222652535181908e-02 6.483124870612144264e+00
0.000000000000000000e+00 0.000000000000000000e+00 2.563885349086180376e+00 -6.704058949720648641e+00 2.054392934320263819e-01 -1.364218531870209361e+00
-1.000000000000000000e+00 -3.000000000000000000e+00 1.861592807964609797e+00 1.398933211174180613e+01 8.966858599098244120e-01 -2.363314865983275226e+01
2.000000000000000000e+00 1.000000000000000000e+00 2.674510816216223219e+00 -1.314962035039207677e+01 -1.207095702708700591e+00 3.232690557415931920e+00
-1.000000000000000000e+00 -3.000000000000000000e+00 3.323654729095224525e+00 1.249809261821752315e+01 6.722097828906918870e-01 -1.737293510974201993e+01
3.000000000000000000e+00 2.000000000000000000e+00 3.556702970338213365e+00 -1.406373331907987989e+01 -1.983428404443219994e+00 1.167377090406621321e+01
1.000000000000000000e+00 -1.000000000000000000e+00 3.566613585313205270e+00 4.338795348987474654e+00 -5.404849893880250278e-01 -7.837482476570198031e+00
0.000000000000000000e+00 0.000000000000000000e+00 2.786629356248336187e+00 6.777972455475030245e+00 1.538360667736178300e-01 1.346399562493736823e+00
3.000000000000000000e+00 0.000000000000000000e+00 2.791062115900447616e+00 3.945711877569635817e+00 -1.439837685317109539e+00 2.380997736916601326e+00
0.000000000000000000e+00 -1.000000000000000000e+00 2.008692600301829501e+00 1.759207703822248448e+00 -9.499804008552814594e-02 -5.088313206215339335e+00
-1.000000000000000000e+00 1.000000000000000000e+00 3.628528638401694817e+00 -4.770395432779984901e+00 1.471808929054922999e-01 3.812399677774099160e+00
-3.000000000000000000e+00 -1.000000000000000000e+00 1.831116985791376273e+00 -7.678838885982717244e-01 2.139719664559852408e+00 -2.998843307938679814e+00
-3.000000000000000000e+00 1.000000000000000000e+00 1.157021650935396995e+00 -1.128809844414222674e+01 2.338575336981230546e+00 4.591713427980028683e+00
0.000000000000000000e+00 3.000000000000000000e+00 1.086658900994075694e+00 -1.399272692291576980e+01 4.562075452675871112e-01 2.200863207283487810e+01
-1.000000000000000000e+00 -2.000000000000000000e+00 2.561606262998115113e+00 -7.377450573030746028e-01 6.636736655586661371e-01 -9.304343126632492300e+00
-1.000000000000000000e+00 2.000000000000000000e+00 3.334299130488679985e+00 -8.903639146603538279e+00 2.663119052197591152e-01 1.272346053948112754e+01
-2.000000000000000000e+00 2.000000000000000000e+00 1.589183305383691458e+00 -1.285994290275180596e+01 1.205220577023115691e+00 1.182397439649677118e+01
-1.000000000000000000e+00 -3.000000000000000000e+00 1.712888060917554744e+00 1.105907687706686815e+01 5.957718540342964442e-01 -2.523868194503192086e+01
1.000000000000000000e+00 1.000000000000000000e+00 3.039476211569425601e+00 -7.118046927233647736e+00 -3.582938006787088625e-01 6.475791057588430988e+00
-1.000000000000000000e+00 1.000000000000000000e+00 1.965902524078614322e+00 -8.110838090226623720e+00 6.933546359028899264e-01 5.122401857052985008e+00
3.000000000000000000e+00 3.000000000000000000e+00 3.990252422019636480e+00 -1.003627397314573777e+01 -2.370118029129458126e+00 1.796548400613741592e+01
3.000000000000000000e+00 -1.000000000000000000e+00 3.521599667199899031e+00 7.419970950546204591e+00 -1.760002733163733346e+00 -5.688416612696492791e+00
2.000000000000000000e+00 2.000000000000000000e+00 2.764424775625777819e+00 -1.198584889532294895e+01 -9.708599957917432022e-01 1.062385955406377214e+01
2.000000000000000000e+00 -2.000000000000000000e+00 3.635831032904748739e+00 -9.174934935286298554e-01 -1.183713394539329666e+00 -1.382455803717151177e+01
1.000000000000000000e+00 3.000000000000000000e+00 3.686449067574252503e+00 -6.366898510632069019e+00 -3.158902037052864209e-01 1.693210132404491119e+01
0.000000000000000000e+00 0.000000000000000000e+00 1.872054344517312119e+00 -2.027860245341727818e+00 -3.533145315864212321e-01 -2.230547436904885217e+00
-2.000000000000000000e+00 2.000000000000000000e+00 1.915288404288715718e+00 2.384268382747229964e-01 1.332238975851406160e+00 8.933350982416506270e+00
2.000000000000000000e+00 -3.000000000000000000e+00 2.878462116219457911e+00 1.059192308130689852e+01 -7.969854132980778161e-01 -2.550410880460928453e+01
1.000000000000000000e+00 3.000000000000000000e+00 2.360023596341560559e+00 -1.448103172564410279e+01 -3.921620828521903412e-01 2.102388583169646807e+01
2.000000000000000000e+00 1.000000000000000000e+00 2.496558583770951856e+00 -9.923552329623696266e+00 -1.063840488291665887e+00 5.317830482969327477e+00
1.000000000000000000e+00 2.000000000000000000e+00 2.243110963959842330e+00 -4.234869286103236874e+00 -6.112235991879426678e-01 1.148078997599730044e+01
0.000000000000000000e+00 2.000000000000000000e+00 1.315648676751323798e+00 -5.507166155923609807e+00 3.404193728236721839e-01 1.219452056022739228e+01
3.000000000000000000e+00 -1.000000000000000000e+00 3.761308682909891843e+00 -1.034167165810892186e+00 -1.690780146169771569e+00 -3.680614125931883862e+00
-2.000000000000000000e+00 3.000000000000000000e+00 1.465595857092171883e+00 -8.044138188079198670e+00 1.486972535115377081e+00 2.164357708233367816e+01
-2.000000000000000000e+00 0.000000000000000000e+00 2.339427787600250497e+00 -9.635312397157001385e+00 9.291203196085540128e-01 -7.702846743367945948e-01
0.000000000000000000e+00 -3.000000000000000000e+00 1.575037247858965817e+00 1.420090770710989503e+01 3.702678437141524448e-01 -2.541677732281800672e+01
3.000000000000000000e+00 1.000000000000000000e+00 3.770382120601150522e+00 -5.718097637806279110e+00 -2.457133438235598710e+00 6.129041717641385389e+00
0.000000000000000000e+00 2.000000000000000000e+00 1.779590204988716673e+00 -4.273307726470651602e+00 -2.103749859826449242e-01 1.274863292927472003e+01
0.000000000000000000e+00 2.000000000000000000e+00 2.185150973285813869e+00 -3.851940446550138120e+00 -9.008109306816436401e-02 7.952552045630135069e+00
-1.000000000000000000e+00 -2.000000000000000000e+00 1.873894597255759908e+00 4.794713056345585755e+00 5.541884386650819394e-01 -1.292182622078664167e+01
3.000000000000000000e+00 1.000000000000000000e+00 3.003918259076441721e+00 -1.096638301564687978e+01 -1.607172246942797589e+00 4.262771217048376471e+00
0.000000000000000000e+00 1.000000000000000000e+00 2.711996589043668138e+00 -1.031354260600191353e+01 1.885493523590522358e-01 6.312722108918622510e+00
0.000000000000000000e+00 -2.000000000000000000e+00 1.230970497047497059e+00 7.567163482071812552e+00 -1.635557331208878917e-01 -1.005600318159316053e+01
1.000000000000000000e+00 -3.000000000000000000e+00 2.175399121541498726e+00 1.078824777720665651e+01 -8.502300730474641188e-01 -2.078079417300094889e+01
-2.000000000000000000e+00 -3.000000000000000000e+00 2.324455711932539081e+00 8.484528536110229169e+00 1.227636604095421635e+00 -2.287819954583545012e+01
-3.000000000000000000e+00 2.000000000000000000e+00 1.910138506215989906e+00 -7.164023510920376481e-01 2.083244295948657676e+00 1.225140700473279587e+01
3.000000000000000000e+00 2.000000000000000000e+00 3.149971264801154636e+00 -1.715018712093495878e+00 -2.102089302614178035e+00 1.330371387365301672e+01
3.000000000000000000e+00 0.000000000000000000e+00 2.981347247538590040e+00 7.568481933914380733e+00 -1.966152601858371707e+00 1.671110817087846812e+00
0.000000000000000000e+00 0.000000000000000000e+00 1.205803820283351646e+00 7.202179618153852658e+00 3.172906060037139486e-01 1.011894294812432094e+00
-1.000000000000000000e+00 1.000000000000000000e+00 1.673095159827048484e+00 -1.195656516296548233e+00 5.370460614346663775e-01 3.742304810794568226e+00
2.000000000000000000e+00 -2.000000000000000000e+00 2.069032328692397282e+00 7.910615214060591427e+00 -1.051504653021007263e+00 -1.105984272690066206e+01
1.000000000000000000e+00 2.000000000000000000e+00 3.807956523170912266e+00 -1.460128417512036236e+01 -5.009536169732666799e-01 1.167924808418304927e+01
-3.000000000000000000e+00 -1.000000000000000000e+00 1.381413719942030438e+00 -9.307142094684412115e+00 2.445544260589664454e+00 -3.429526168443281620e+00
1.000000000000000000e+00 -1.000000000000000000e+00 3.426092759024249812e+00 -1.999174316159633591e+00 -1.985428639167174936e-01 -5.690074824942760401e+00
1.000000000000000000e+00 -2.000000000000000000e+00 3.494056898753564511e+00 8.445125688461736502e+00 -2.529088586888228463e-01 -9.873415218495363632e+00
1.000000000000000000e+00 0.000000000000000000e+00 1.869121009282151524e+00 1.229131459274199756e-01 -5.409534584668713730e-01 -3.169774781913385908e-01
-2.000000000000000000e+00 2.000000000000000000e+00 2.789048964240355311e+00 -1.003258293456862660e+01 1.197162489738440083e+00 7.798450464251873271e+00
3.000000000000000000e+00 0.000000000000000000e+00 3.268958145344373900e+00 1.326825138702449536e+01 -1.600982938320055560e+00 -4.451034973121650751e+00
2.000000000000000000e+00 -1.000000000000000000e+00 3.437158361118620054e+00 8.158306602689926024e+00 -7.583749143368669898e-01 -4.463879530715352928e+00
2.000000000000000000e+00 2.000000000000000000e+00 3.128424518475314553e+00 2.747420536428180071e+00 -1.172886403314863379e+00 9.699889679228352435e+00
-3.000000000000000000e+00 0.000000000000000000e+00 1.023582652555814265e+00 -8.290354375517466679e+00 2.966739353960914372e+00 -5.725476961049995595e-01
1.000000000000000000e+00 0.000000000000000000e+00 2.848063779003979334e+00 1.422856392533840975e+01 -3.391123263047699510e-01 -9.235924318817723133e-01
2.000000000000000000e+00 -3.000000000000000000e+00 2.733628440057603193e+00 1.135118622002745425e+01 -8.810895752804213110e-01 -2.631880511720765980e+01
3.000000000000000000e+00 -1.000000000000000000e+00 3.019567236863260895e+00 2.096037161525995174e+00 -1.825292315278014499e+00 -4.290287760334743794e+00
-1.000000000000000000e+00 0.000000000000000000e+00 1.724923092515022960e+00 -9.020778521992340870e+00 5.396790953395436130e-01 -1.375496475432271382e+00
2.000000000000000000e+00 3.000000000000000000e+00 3.439420124023825576e+00 -5.729432802419742288e+00 -9.956228624315555109e-01 1.439263852650942432e+01
0.000000000000000000e+00 1.000000000000000000e+00 1.742715910405890911e+00 -5.028965849328894677e+00 -3.132547408830326230e-01 6.639037436347578591e+00
2.000000000000000000e+00 -1.000000000000000000e+00 3.652782896118726086e+00 1.257569123121025356e+01 -1.112522220362304193e+00 -9.016741563441431850e+00
-2.000000000000000000e+00 -2.000000000000000000e+00 2.761194198076777351e+00 8.209441071830571701e+00 1.090712560679178988e+00 -1.552302039991186966e+01
0.000000000000000000e+00 -1.000000000000000000e+00 1.052465552264180371e+00 -6.575429582634825465e+00 4.803009686968244818e-01 -4.094318032618023295e+00
3.000000000000000000e+00 2.000000000000000000e+00 3.920020369764336099e+00 -1.227912337789304154e+01 -1.970366373450435304e+00 7.763798522784561840e+00
3.000000000000000000e+00 3.000000000000000000e+00 3.900238803373193175e+00 -6.656576031108068392e+00 -1.669994584623966549e+00 1.404193443011403453e+01
-2.000000000000000000e+00 -3.000000000000000000e+00 2.349668266530537064e+00 1.035393196612695732e+01 9.523127656743368696e-01 -1.913929334200857824e+01
-1.000000000000000000e+00 3.000000000000000000e+00 2.635170267143970069e+00 -4.847698450964413652e+00 2.682602563578808663e-01 1.446017757708187723e+01
1.000000000000000000e+00 1.000000000000000000e+00 1.731393737680206657e+00 -7.483808414139422105e+00 -6.606056914354834220e-01 4.554422211561340639e+00
0.000000000000000000e+00 -1.000000000000000000e+00 3.174266027778470445e+00 1.270786382811178683e+01 -1.718295084142811291e-01 -7.012965170636611845e+00
0.000000000000000000e+00 1.000000000000000000e+00 2.320729984959216452e+00 4.314946672076189316e+00 2.078586167267051366e-01 6.394207990037013900e+00
3.000000000000000000e+00 0.000000000000000000e+00 3.586263540818103390e+00 -1.133860747702580696e+01 -1.641965100996631177e+00 1.021750908383085132e+00
3.000000000000000000e+00 -2.000000000000000000e+00 3.859894158163896805e+00 -1.278656296233194212e+00 -1.532658108260997132e+00 -8.880736896601003849e+00
0.000000000000000000e+00 1.000000000000000000e+00 2.891125330478521605e+00 -1.286829349340118434e+01 1.377387641925276185e-01 4.832191065766096472e+00
3.000000000000000000e+00 -2.000000000000000000e+00 3.909345715585019310e+00 3.714183490661493892e+00 -1.493952548847064410e+00 -1.481303806667412459e+01
0.000000000000000000e+00 -1.000000000000000000e+00 1.792317435696557659e+00 4.992835988853439488e+00 -2.880644864308352648e-01 -7.721925776899976057e+00
-1.000000000000000000e+00 -2.000000000000000000e+00 2.502974699754232812e+00 6.773486814906494402e+00 3.716388189644068696e-01 -1.185090427849365113e+01
3.000000000000000000e+00 -1.000000000000000000e+00 2.731016817913312078e+00 1.477022954260420917e+01 -1.504891586467084874e+00 -5.750326031921563441e+00
-2.000000000000000000e+00 2.000000000000000000e+00 2.687955743265462161e+00 -1.050680772359877224e+01 8.659614625493468054e-01 8.617900505379582299e+00
0.000000000000000000e+00 1.000000000000000000e+00 3.110607139135041166e+00 2.847485038988974537e+00 1.647605628023454116e-01 7.241883405473984681e+00
-2.000000000000000000e+00 0.000000000000000000e+00 1.529636293282403692e+00 -1.145181549597198511e+01 1.377224402471589393e+00 7.276603711748261816e-01
-1.000000000000000000e+00 -3.000000000000000000e+00 2.871146267978926137e+00 6.207590594969062181e+00 4.580281281964424522e-01 -1.809394226027662000e+01
-3.000000000000000000e+00 0.000000000000000000e+00 1.266286513384128121e+00 -2.366495567538704492e+00 1.730649175092651149e+00 4.737517504948858260e-01
0.000000000000000000e+00 -1.000000000000000000e+00 1.769098334807704287e+00 1.004655035615140690e+00 -1.623693855250016860e-01 -3.725382046261740854e+00
1.000000000000000000e+00 -2.000000000000000000e+00 2.237589227215002641e+00 8.839321678336325760e+00 -8.045358478867132845e-01 -1.111525406968540075e+01
3.000000000000000000e+00 0.000000000000000000e+00 3.087173693969806010e+00 1.430518038636285638e+01 -1.564026202568357338e+00 1.941266721056322808e-02
3.000000000000000000e+00 3.000000000000000000e+00 3.726102289615661256e+00 -1.158875230333777395e+01 -1.939401189702884221e+00 1.326294701696342671e+01
-3.000000000000000000e+00 1.000000000000000000e+00 1.183053562674547532e+00 -7.833941553220817866e-01 2.320273940782379807e+00 4.818836806192376088e+00
1.000000000000000000e+00 -2.000000000000000000e+00 2.533158634161380984e+00 1.235928507514485375e+01 -6.195013883973254920e-01 -1.500387674251065384e+01
-2.000000000000000000e+00 2.000000000000000000e+00 2.332294645617473350e+00 -7.602649829873993070e-01 8.565138656023458807e-01 1.005466309082070886e+01
3.000000000000000000e+00 1.000000000000000000e+00 2.973485365241972378e+00 -1.138608454835596362e+01 -1.709364765634609373e+00 2.999271225857217615e+00
-2.000000000000000000e+00 -3.000000000000000000e+00 2.036659760283975995e+00 7.535982537889225341e+00 1.428302568109942605e+00 -2.132462642883007220e+01
-1.000000000000000000e+00 -1.000000000000000000e+00 1.854459071189416886e+00 9.784090997512837617e+00 8.194766934942165904e-01 -6.792533113875315109e+00
-1.000000000000000000e+00 -1.000000000000000000e+00 1.477502852216395546e+00 9.197250875454347607e+00 4.457098859375310251e-01 -8.314161792779618310e+00
-1.000000000000000000e+00 -1.000000000000000000e+00 2.803441894899787901e+00 1.418051812881174101e+00 5.193680605429995545e-01 -6.898900349289586842e+00
-1.000000000000000000e+00 0.000000000000000000e+00 1.279958820754397708e+00 4.253421277431510106e+00 6.916436627988027386e-01 1.123244487445433037e+00
3.000000000000000000e+00 0.000000000000000000e+00 3.818975289363276016e+00 3.111961862512369947e+00 -1.608284974380036925e+00 -1.153661239218692458e+00
3.000000000000000000e+00 0.000000000000000000e+00 3.432558866074804982e+00 -5.028830409807554247e-01 -1.441321128490943737e+00 1.495003669282663594e+00
2.000000000000000000e+00 -1.000000000000000000e+00 3.985917638118740669e+00 -8.580776731327157236e+00 -1.110759093618248539e+00 -2.436674104490546000e+00
0.000000000000000000e+00 3.000000000000000000e+00 2.262721296843202001e+00 -9.972603094419195457e+00 -1.613635354128160060e-01 1.783698532563109040e+01
2.000000000000000000e+00 1.000000000000000000e+00 3.755997300853541887e+00 -9.071367056139603591e+00 -9.225261693442239341e-01 2.891335717956433626e+00
1.000000000000000000e+00 1.000000000000000000e+00 2.177305814510820170e+00 -1.112610088962725285e+01 -5.584875007287182225e-01 2.908279314602916443e+00
-2.000000000000000000e+00 2.000000000000000000e+00 1.286907598602625935e+00 -1.132618683854376229e+01 1.231740149220326153e+00 1.260513652334849866e+01
1.000000000000000000e+00 0.000000000000000000e+00 3.916230012678359795e+00 1.155678103221088193e+01 -1.305084230014332825e-01 2.014577180913740051e+00
2.000000000000000000e+00 -3.000000000000000000e+00 2.369990479014737250e+00 1.351936647826466142e+01 -1.194490729488161040e+00 -2.414510991820777264e+01
-3.000000000000000000e+00 -2.000000000000000000e+00 1.645522295997877471e+00 7.562592591498855654e+00 2.288181779042825603e+00 -1.451779716761931915e+01
3.000000000000000000e+00 3.000000000000000000e+00 3.096442720655619318e+00 -1.013707176362585827e+01 -1.984516850965488022e+00 1.457488340230444024e+01
-1.000000000000000000e+00 -3.000000000000000000e+00 2.913574114230633505e+00 2.133826270196603758e+00 3.891556309421537740e-01 -1.589148511559020882e+01
0.000000000000000000e+00 2.000000000000000000e+00 1.170285700708947996e+00 -1.491891406250636365e+01 -1.126215642830037389e-01 1.066128714492199059e+01
-3.000000000000000000e+00 2.000000000000000000e+00 1.026876252616063745e+00 -8.365376325394391799e+00 2.006201358064250151e+00 1.275995796407342375e+01
0.000000000000000000e+00 -1.000000000000000000e+00 3.654560574193648659e+00 -9.974507977205343323e+00 7.238453198838668001e-02 -2.195471646786694819e+00
0.000000000000000000e+00 0.000000000000000000e+00 1.916257623741402183e+00 -5.157351253953589065e+00 -1.339080245223376320e-01 1.452994852824065930e+00
-1.000000000000000000e+00 -2.000000000000000000e+00 2.587616381108895247e+00 1.438205259172214312e+01 4.434937656199324785e-01 -1.419602208458838533e+01
-1.000000000000000000e+00 0.000000000000000000e+00 2.343907493562387145e+00 -1.168377036060338270e+01 3.015786563175408830e-01 -3.321972365244239001e-01
-2.000000000000000000e+00 3.000000000000000000e+00 2.371859257681343092e+00 -1.176450791079743041e+01 1.347430596521984381e+00 2.161494096820208810e+01
2.000000000000000000e+00 3.000000000000000000e+00 3.492931505342173892e+00 -4.290034735736963256e+00 -7.154183738453254726e-01 1.846359148251502091e+01
1.000000000000000000e+00 3.000000000000000000e+00 3.830234114032002424e+00 -1.009609695013339170e+01 -3.500625389994880265e-01 1.646959659002605036e+01
0.000000000000000000e+00 0.000000000000000000e+00 1.381974288811872231e+00 1.081702234874366653e+01 -2.879093101515095565e-01 -3.015854402415207858e+00
3.000000000000000000e+00 0.000000000000000000e+00 3.763714266117768492e+00 3.111280957952033077e+00 -2.546070893231880738e+00 3.192557644033314546e+00
0.000000000000000000e+00 -1.000000000000000000e+00 1.208194442546466352e+00 1.350664423474565723e+01 -1.901909592061525878e-01 -9.227569595882940234e+00
0.000000000000000000e+00 1.000000000000000000e+00 1.640503655626868618e+00 9.486009787491887835e+00 4.471982343591784925e-02 4.728487781815129409e+00
2.000000000000000000e+00 -2.000000000000000000e+00 3.048878599563428882e+00 -5.233288175338770998e+00 -1.094621667591979985e+00 -8.762586947401111104e+00
1.000000000000000000e+00 3.000000000000000000e+00 3.720376366212273300e+00 -1.156748858024342397e+01 -3.646989892093421837e-01 1.728562221221869777e+01
0.000000000000000000e+00 1.000000000000000000e+00 3.556460087190907338e+00 -1.804646313996318696e-01 1.082447835310507145e-01 6.829236339813805401e+00
3.000000000000000000e+00 -1.000000000000000000e+00 3.272551577029341185e+00 -4.874053671582441183e-01 -1.718789145741344226e+00 -6.167238038040538939e+00
-2.000000000000000000e+00 3.000000000000000000e+00 1.016512487894908556e+00 -5.683184121944174549e+00 1.623479709782699398e+00 1.549320849159130198e+01
3.000000000000000000e+00 0.000000000000000000e+00 3.525392728448453639e+00 1.334403273858948680e+01 -2.453969114334141111e+00 -1.719435206629487567e+00
2.000000000000000000e+00 -2.000000000000000000e+00 2.747398150453189913e+00 1.243115371514086931e+01 -1.335867167383237408e+00 -1.595894064990080352e+01
2.000000000000000000e+00 -1.000000000000000000e+00 3.958165031617668639e+00 -4.658763799565477370e-01 -7.844852917309026452e-01 -5.966453997465672288e+00
2.000000000000000000e+00 0.000000000000000000e+00 3.225219760197653329e+00 9.102697158646844144e+00 -1.292453839898804357e+00 -2.769779646559339170e+00
2.000000000000000000e+00 -3.000000000000000000e+00 2.514321793897286383e+00 1.232111502841244643e+01 -1.044951032694621862e+00 -1.907749852986136219e+01
-3.000000000000000000e+00 0.000000000000000000e+00 1.199092982271213303e+00 1.278200412021441323e+01 1.984124784693112487e+00 -1.546695120890547059e+00
3.000000000000000000e+00 0.000000000000000000e+00 3.175702823196822067e+00 -3.435228674566667806e+00 -1.585073420718088100e+00 -2.039779056305857097e+00
1.000000000000000000e+00 -3.000000000000000000e+00 1.965795510828058035e+00 1.117519713887520894e+01 -8.443280489559195079e-01 -2.160178769218731176e+01
0.000000000000000000e+00 0.000000000000000000e+00 2.295941291581530486e+00 -1.217874261716302797e+01 -5.973266923709630305e-02 -7.444015511383383910e-02
-3.000000000000000000e+00 -1.000000000000000000e+00 2.178395646475393299e+00 6.184165824922978061e-01 1.791589973257772250e+00 -8.006626803417194793e+00
-1.000000000000000000e+00 2.000000000000000000e+00 2.500282527162744461e+00 -6.875795276090453712e+00 4.508658463990915521e-01 7.530939905945347235e+00
2.000000000000000000e+00 3.000000000000000000e+00 2.538590824647068089e+00 -9.251063041661431896e+00 -1.208943774065578181e+00 1.740568835597699149e+01
2.000000000000000000e+00 0.000000000000000000e+00 2.858536324227191727e+00 1.071552867212263038e+01 -7.912164706239286360e-01 -3.930164426612659412e+00
3.000000000000000000e+00 -3.000000000000000000e+00 3.316252825894380862e+00 1.228435639150511705e+01 -1.511853371539443991e+00 -2.231636479576664556e+01
1.000000000000000000e+00 -1.000000000000000000e+00 3.303553746485560438e+00 -1.655957580080816172e+00 -5.815824143282828373e-01 -6.227464001373387958e+00
2.000000000000000000e+00 1.000000000000000000e+00 2.713524148439532269e+00 -1.105374384629332241e+01 -8.005176471600159438e-01 4.465971576301789980e+00
3.000000000000000000e+00 0.000000000000000000e+00 3.593186788511243623e+00 5.831309175064518513e-01 -2.213750262511735123e+00 1.388112532972431978e+00
3.000000000000000000e+00 -1.000000000000000000e+00 2.811984506714462650e+00 1.217765062079114458e+01 -1.688924509236297666e+00 -6.745137059459555218e+00
2.000000000000000000e+00 0.000000000000000000e+00 2.939206024603567169e+00 4.843700138137638334e+00 -1.080307572542217764e+00 -1.185611082235254798e+00
0.000000000000000000e+00 -1.000000000000000000e+00 2.553350089030036685e+00 -4.688305272394819312e+00 -2.057942899858402619e-01 -3.573076005825340573e+00
-1.000000000000000000e+00 -2.000000000000000000e+00 2.295706470135849386e+00 1.337362069344348114e+01 5.979967328360080714e-01 -1.474932487812346338e+01
-2.000000000000000000e+00 1.000000000000000000e+00 2.281182832328452204e+00 1.550565405882910142e+00 1.246635243537758786e+00 4.885987756878872545e+00
3.000000000000000000e+00 -3.000000000000000000e+00 3.063454207566070231e+00 7.719346187029213269e+00 -1.478551083596860494e+00 -1.693621027579437310e+01
1.000000000000000000e+00 -1.000000000000000000e+00 2.174626279917595717e+00 4.609825058989169833e+00 -6.319860855109284969e-01 -8.310303285626423175e+00
-2.000000000000000000e+00 0.000000000000000000e+00 1.604375207904442657e+00 -2.802526614131279459e+00 1.317477247072639912e+00 -1.833192237688232140e+00
3.000000000000000000e+00 -3.000000000000000000e+00 3.213293432172974473e+00 7.016072217748813955e+00 -1.517274471241855771e+00 -1.854995819115490008e+01
0.000000000000000000e+00 0.000000000000000000e+00 2.541276389384155898e+00 1.264519862675394180e+01 -7.969783711714439889e-02 -4.184555582873610291e+00
1.000000000000000000e+00 2.000000000000000000e+00 2.166186833589264005e+00 1.049639861374814132e+00 -3.553271369549149128e-01 9.407090597038944679e+00
2.000000000000000000e+00 1.000000000000000000e+00 2.793486376794358961e+00 -6.042549275452271829e+00 -1.381387894061416377e+00 3.636725606882670547e+00
-2.000000000000000000e+00 -1.000000000000000000e+00 1.726339618944808807e+00 6.853739279174412502e+00 9.695490666428587812e-01 -4.470318574627288655e+00
0.000000000000000000e+00 1.000000000000000000e+00 1.835536039380736950e+00 4.238429531862124122e+00 -3.398719401200407386e-01 8.417053040972014344e+00
1.000000000000000000e+00 -2.000000000000000000e+00 3.609441579199420325e+00 6.162581039577439412e+00 -3.532800102551298949e-01 -9.888401864519744677e+00
-3.000000000000000000e+00 -3.000000000000000000e+00 1.408130572401012692e+00 1.382658441944534999e+01 1.860410061715608965e+00 -2.668969448316195781e+01
-2.000000000000000000e+00 0.000000000000000000e+00 1.793553457850691979e+00 3.179968543418233651e+00 1.343928128075100981e+00 1.386455837036269401e+00
1.000000000000000000e+00 2.000000000000000000e+00 3.324780668896733626e+00 -1.337316602957153044e+01 -2.659149788395831493e-01 1.034570376826811433e+01
1.000000000000000000e+00 1.000000000000000000e+00 2.160490238748181469e+00 -1.056202455730986500e+01 -5.461579461316150574e-01 4.598206571202750226e+00
2.000000000000000000e+00 0.000000000000000000e+00 3.834741092859323075e+00 1.372878523970265618e+01 -1.028656177971235319e+00 6.401361981485500507e-01
-1.000000000000000000e+00 3.000000000000000000e+00 3.711789977705276300e+00 -1.454036556080841081e+01 1.517177740998549851e-01 2.267218924526982349e+01
2.000000000000000000e+00 -1.000000000000000000e+00 3.685119642456142763e+00 7.399545159330497057e+00 -1.086831408410854571e+00 -3.948981325282733934e+00
0.000000000000000000e+00 1.000000000000000000e+00 3.070716613280256357e+00 -1.625643553645442552e+00 -9.078599859720570819e-02 5.809428286348726544e+00
-2.000000000000000000e+00 -3.000000000000000000e+00 2.461230472291112914e+00 1.292979435838592650e+01 8.467542764897664220e-01 -1.813882257533876441e+01
-1.000000000000000000e+00 -2.000000000000000000e+00 2.358608750401674392e+00 1.175002263162322791e+01 7.205494560387264436e-01 -1.245314152394173135e+01
3.000000000000000000e+00 3.000000000000000000e+00 3.675078351455303149e+00 -1.246070178387711636e+01 -1.456055666013204686e+00 2.227941020785493365e+01
3.000000000000000000e+00 -1.000000000000000000e+00 3.828446767434218856e+00 -2.126313810614380628e+00 -2.367201034853799513e+00 -7.018586654814626513e+00
1.000000000000000000e+00 0.000000000000000000e+00 2.555515347973456031e+00 9.798042486946712870e+00 -5.439204973759266259e-01 -1.780292046199438261e+00
-3.000000000000000000e+00 3.000000000000000000e+00 1.143604206360085751e+00 -9.372266717757517185e+00 2.432792041628506485e+00 1.787525560819989323e+01
-2.000000000000000000e+00 2.000000000000000000e+00 2.553917562393125618e+00 -5.412594626250644581e+00 1.430572422715636449e+00 1.241346122855889078e+01
-1.000000000000000000e+00 1.000000000000000000e+00 2.012035621856157697e+00 -9.075108283550648025e-02 7.965869257202116138e-01 2.961564932349460832e+00
1.000000000000000000e+00 -1.000000000000000000e+00 3.220777081227016669e+00 1.218755271665810724e+01 -2.166083635618578640e-01 -7.739799202834724667e+00
2.000000000000000000e+00 -1.000000000000000000e+00 2.840024229622104102e+00 1.153412866896765721e+01 -1.007746138214005827e+00 -7.671035628728521516e+00
2.000000000000000000e+00 1.000000000000000000e+00 2.544329446412159967e+00 -2.709190540954740101e-01 -8.252808468454584379e-01 2.831067077248222930e+00
2.000000000000000000e+00 3.000000000000000000e+00 3.624556496197056443e+00 -1.101046044007101798e+01 -7.352888791646896571e-01 1.969010814134326637e+01
-2.000000000000000000e+00 3.000000000000000000e+00 2.141214652574309429e+00 -1.331546561204543799e+01 1.410482112693137058e+00 1.282851549589263129e+01
2.000000000000000000e+00 -3.000000000000000000e+00 2.388651040013499927e+00 1.187412630821565784e+01 -9.332305114304775273e-01 -2.659185463220361356e+01
0.000000000000000000e+00 2.000000000000000000e+00 3.851410969317839328e+00 1.672732261826357814e+00 -9.315316255195327244e-03 1.075624320013309188e+01
-3.000000000000000000e+00 2.000000000000000000e+00 1.528387599286334497e+00 -1.119024115659404117e+01 2.286970958982548652e+00 1.059241088053441260e+01
1.000000000000000000e+00 1.000000000000000000e+00 3.827935204720108509e+00 -2.368620330725386580e+00 -3.868211039187392508e-01 2.804492094184555029e+00
-1.000000000000000000e+00 0.000000000000000000e+00 3.225569797114860471e+00 5.612782399892143559e+00 5.341002366954969993e-01 -1.413306375329455022e+00
0.000000000000000000e+00 -2.000000000000000000e+00 1.012968908784818378e+00 8.425101719457135374e+00 4.357900637598783877e-01 -1.361361873037649417e+01
2.000000000000000000e+00 1.000000000000000000e+00 3.749204479374821375e+00 6.089660170119923777e-01 -9.146212209902295776e-01 2.855863636761741375e+00
-3.000000000000000000e+00 2.000000000000000000e+00 1.540843444284534680e+00 -9.261110403224812160e+00 1.760042213886614970e+00 9.125026377644850584e+00
0.000000000000000000e+00 0.000000000000000000e+00 2.128454587834749834e+00 1.266597850669202074e+01 4.826069784704234422e-03 -5.243786046869338691e-01
3.000000000000000000e+00 -3.000000000000000000e+00 3.997339268063927697e+00 1.461458552858198345e+01 -1.819564573457628676e+00 -1.877927736810807247e+01
-3.000000000000000000e+00 0.000000000000000000e+00 1.369821228600347496e+00 -1.047077109510277992e+01 1.696743287554768553e+00 7.864690237042264442e-01
-1.000000000000000000e+00 -1.000000000000000000e+00 2.926586356637856490e+00 -9.226047080160917346e-01 2.129540625407240206e-01 -5.809279523792440614e+00
1.000000000000000000e+00 -2.000000000000000000e+00 3.824407747764285936e+00 -1.828604085065109075e+00 -5.296340626032192134e-01 -1.016442621225567144e+01
-1.000000000000000000e+00 -1.000000000000000000e+00 2.682758078603208141e+00 1.411506349405617655e+01 2.566665287303013798e-01 -7.231205964323709878e+00
0.000000000000000000e+00 1.000000000000000000e+00 3.085024887727101817e+00 -7.046023105482883686e+00 1.001718090657486293e-01 5.888093966691365644e+00
2.000000000000000000e+00 -2.000000000000000000e+00 3.057973577973667645e+00 1.433630629278999180e+01 -1.221135386833589465e+00 -1.688945459001241645e+01
0.000000000000000000e+00 3.000000000000000000e+00 2.748909235574918952e+00 -1.073579711999766495e+01 1.405937368584928571e-01 2.217188906441499796e+01
2.000000000000000000e+00 0.000000000000000000e+00 3.251092666251596874e+00 1.453456021012407717e+01 -7.850295343558917338e-01 -2.063661456538543604e+00
-1.000000000000000000e+00 -3.000000000000000000e+00 1.975038069768687343e+00 6.165261531291548636e+00 6.915355587615934496e-01 -1.768205845850174995e+01
0.000000000000000000e+00 2.000000000000000000e+00 1.922353896969150044e+00 -1.127076278363427164e+01 -2.405715655435194389e-01 8.441824619424931342e+00
0.000000000000000000e+00 3.000000000000000000e+00 1.676025325000251254e+00 -1.028957585362200255e+01 -4.143375701608542627e-02 1.735775210468395358e+01
-3.000000000000000000e+00 0.000000000000000000e+00 1.695591334762946989e+00 4.690830000539580880e-01 1.828561062732914078e+00 1.877631693754727493e+00
0.000000000000000000e+00 3.000000000000000000e+00 1.552960573349443374e+00 -4.543940799237214279e+00 3.117004220323607022e-01 1.520827422402661888e+01
1.000000000000000000e+00 -3.000000000000000000e+00 3.860262464098106250e+00 8.370492562247427770e+00 -7.966919708498831909e-02 -1.984628702804979028e+01
-1.000000000000000000e+00 3.000000000000000000e+00 1.490374235359634536e+00 -6.689701228895625462e+00 5.283521803476443068e-01 1.603720767366896283e+01
0.000000000000000000e+00 3.000000000000000000e+00 1.459846599713743753e+00 -9.513149006466061763e+00 -4.148244026402654328e-01 1.342688154695127167e+01
-2.000000000000000000e+00 -2.000000000000000000e+00 2.695784273335124492e+00 2.506912825048527083e+00 9.090502347523758964e-01 -1.017474207672373154e+01
-3.000000000000000000e+00 -2.000000000000000000e+00 1.051661856160753139e+00 -5.963860348613536644e-02 1.917214813739601897e+00 -1.424888216736125557e+01
-1.000000000000000000e+00 1.000000000000000000e+00 1.325907444474091923e+00 1.424804253244825958e+00 5.854036517225222891e-01 3.479098118900949999e+00
1.000000000000000000e+00 -3.000000000000000000e+00 3.262545525755520259e+00 6.679004860342228511e+00 -5.833122488861093302e-01 -1.786604602405200737e+01
-2.000000000000000000e+00 1.000000000000000000e+00 1.314946702395669131e+00 4.527667475703054834e+00 1.393554961469225084e+00 4.959761091965724233e+00
-2.000000000000000000e+00 3.000000000000000000e+00 1.688428939768829462e+00 -8.159349996830314922e+00 1.289472040074865156e+00 2.294695130729698818e+01
0.000000000000000000e+00 -2.000000000000000000e+00 3.744433443620327928e+00 -4.705882063295272033e+00 4.735409020120862067e-02 -9.183086735263479738e+00
1.000000000000000000e+00 -2.000000000000000000e+00 3.983303863285520219e+00 1.251310395726837754e+01 -5.801333249814040194e-01 -1.569926853826280677e+01
3.000000000000000000e+00 2.000000000000000000e+00 3.695996150494131882e+00 7.777694845435139115e-01 -1.817021178205032506e+00 1.275717073410165092e+01
3.000000000000000000e+00 0.000000000000000000e+00 3.829266186789922699e+00 -1.354732388434929646e+01 -1.924962021819102365e+00 1.390027040342829423e-01
-2.000000000000000000e+00 3.000000000000000000e+00 1.062667151964561629e+00 -1.395812451567962853e+01 1.192989115237889308e+00 2.038475566219959134e+01
1.000000000000000000e+00 -3.000000000000000000e+00 2.450772782672169026e+00 2.652359832762417824e+00 -6.070970226388263669e-01 -1.701213597027593494e+01
0.000000000000000000e+00 -3.000000000000000000e+00 1.851558280993329531e+00 1.218744678554120142e+01 -3.427713825562368477e-01 -2.301152418819788892e+01
1.000000000000000000e+00 2.000000000000000000e+00 2.062457748727346551e+00 -9.439691177657429932e+00 -7.176055520091961792e-01 9.748594158192414483e+00
3.000000000000000000e+00 2.000000000000000000e+00 3.954768002635946633e+00 -1.058330149003511167e+01 -2.265429943719726946e+00 8.037376353744477342e+00
1.000000000000000000e+00 3.000000000000000000e+00 3.432753851006252521e+00 -1.349896289307365116e+01 -2.001310180155857488e-01 1.377925409834314152e+01
-3.000000000000000000e+00 -3.000000000000000000e+00 1.273485788353797998e+00 9.097547715584326511e+00 2.162633932124520264e+00 -2.120179492107452290e+01
0.000000000000000000e+00 1.000000000000000000e+00 3.538163205053761917e+00 3.887262052431331938e+00 -9.687105143089835835e-02 8.294310209816213586e+00
-1.000000000000000000e+00 3.000000000000000000e+00 3.154093457926359534e+00 -5.073874844030569875e+00 5.611367790743808648e-01 1.953189038022035362e+01
-3.000000000000000000e+00 2.000000000000000000e+00 2.305965765936631495e+00 -5.525990309669712275e+00 1.665629857234254274e+00 7.672266255315296490e+00
0.000000000000000000e+00 0.000000000000000000e+00 2.003805847196756140e+00 1.209236028665978679e+01 1.555016409533207522e-01 9.432605524340331726e-01
0.000000000000000000e+00 2.000000000000000000e+00 2.821934696536044118e+00 -1.175123601908642001e+01 9.956614783187278661e-02 1.042992917785348439e+01
-2.000000000000000000e+00 -1.000000000000000000e+00 2.378514534782067980e+00 -1.157404462327749783e+01 1.234396871463745438e+00 -2.202237819750106240e+00
0.000000000000000000e+00 -1.000000000000000000e+00 2.648794737936842836e+00 9.976822322957517031e+00 -2.148299292087583190e-01 -7.548867605490663379e+00
-2.000000000000000000e+00 1.000000000000000000e+00 2.250423119102069602e+00 -6.551970259929355223e+00 8.954419277191751902e-01 3.635341793728846582e+00
3.000000000000000000e+00 -1.000000000000000000e+00 3.891892272908919814e+00 2.933844799895165778e+00 -1.880419183377207482e+00 -6.678945549866391218e+00
1.000000000000000000e+00 -1.000000000000000000e+00 2.177711307336001934e+00 8.489252221903541340e+00 -5.975492263954325090e-01 -6.761983906809948763e+00
-1.000000000000000000e+00 3.000000000000000000e+00 2.155979576974481393e+00 -1.182237607179065186e+01 7.426822530992440718e-01 1.372458027930846391e+01
-1.000000000000000000e+00 0.000000000000000000e+00 2.066710598444688962e+00 5.584668188826487523e+00 6.369314099663858642e-01 -1.597376769984890643e-01
0.000000000000000000e+00 -3.000000000000000000e+00 2.224083635660455638e+00 1.419662936984609658e+01 -2.989814425289671895e-01 -2.413037531388713219e+01
-1.000000000000000000e+00 -3.000000000000000000e+00 2.648240394982073198e+00 8.783197489151376658e+00 7.027985759266734966e-01 -1.716004855705973142e+01
-2.000000000000000000e+00 -1.000000000000000000e+00 2.095671319936789789e+00 -5.432968297894463561e+00 9.488290517062227813e-01 -5.179760204426720804e+00
2.000000000000000000e+00 -1.000000000000000000e+00 2.598162270317800893e+00 1.276067452034877192e+01 -1.141163505330963002e+00 -6.865214695530756472e+00
-3.000000000000000000e+00 -1.000000000000000000e+00 1.201980547067482696e+00 1.462636483855325054e+01 1.791818569599135991e+00 -9.174787976691497704e+00
1.000000000000000000e+00 -3.000000000000000000e+00 2.571678305040109969e+00 9.733886745976256805e+00 -4.757003881904999787e-01 -1.808965763917453273e+01
2.000000000000000000e+00 1.000000000000000000e+00 3.918372378700246461e+00 4.234640469685725606e+00 -1.008418188069070354e+00 5.398142741669214928e+00
2.000000000000000000e+00 1.000000000000000000e+00 3.751797566908085635e+00 -1.166600612590990949e+01 -9.739849785937151339e-01 3.087678786034828704e+00
0.000000000000000000e+00 -3.000000000000000000e+00 3.801983422269541002e+00 1.103068675566661838e+01 -7.526557163975544640e-02 -1.676610141323616787e+01
-3.000000000000000000e+00 2.000000000000000000e+00 1.020068602931731183e+00 -7.650139170978452086e+00 2.543532253103785834e+00 1.210096365065863822e+01
-3.000000000000000000e+00 -2.000000000000000000e+00 2.182666142566727530e+00 1.470560259320266994e+01 1.696791419836931158e+00 -1.242549275854342383e+01
-2.000000000000000000e+00 -1.000000000000000000e+00 2.552035927176166119e+00 9.317958826014631768e+00 1.256988767143815799e+00 -4.545721863233584514e+00
2.000000000000000000e+00 0.000000000000000000e+00 2.681397921966607534e+00 1.035421551617850255e+01 -9.387673531155638074e-01 1.392524774126421505e+00
3.000000000000000000e+00 0.000000000000000000e+00 3.520210203360966794e+00 4.796475022922297882e+00 -1.718259833740884535e+00 -2.399151607200000313e+00
0.000000000000000000e+00 3.000000000000000000e+00 2.097530676340857880e+00 -1.206640219626463661e+01 2.201478484258601043e-01 2.203364776386938217e+01
3.000000000000000000e+00 3.000000000000000000e+00 3.939170897774727731e+00 -1.482247622607906479e+01 -1.673830347477431868e+00 1.206541027216963791e+01
1.000000000000000000e+00 -2.000000000000000000e+00 3.606656750748615359e+00 8.119557688655731909e+00 -5.821724504200629369e-01 -1.580783192166306250e+01
3.000000000000000000e+00 2.000000000000000000e+00 3.875710693384978089e+00 2.755636951975759530e-01 -2.687852914007579752e+00 1.116163933644101647e+01
-2.000000000000000000e+00 1.000000000000000000e+00 2.484670657697302776e+00 -6.510145192372267076e+00 1.330568391702046327e+00 6.649242695901126154e+00
-2.000000000000000000e+00 3.000000000000000000e+00 2.885388506799755781e+00 -1.483364138741123739e+01 1.078141428741419272e+00 1.802273749937633340e+01
-3.000000000000000000e+00 -1.000000000000000000e+00 1.118258762897094583e+00 -9.626684412741242980e+00 2.714317309504234110e+00 -2.222750537751213784e+00
-2.000000000000000000e+00 1.000000000000000000e+00 2.688215753092827676e+00 -8.251763992306386797e-01 1.138355403190375981e+00 3.800181541233271787e+00
-3.000000000000000000e+00 0.000000000000000000e+00 1.123422489909905231e+00 1.467056971534918475e+01 2.706725931300127286e+00 3.195587155435255511e-01
1.000000000000000000e+00 0.000000000000000000e+00 2.959168749896955219e+00 1.323808811338761871e+01 -2.672202962570220386e-01 1.498545294210568812e+00
-2.000000000000000000e+00 -1.000000000000000000e+00 1.740638632245285811e+00 -1.008629089662857048e+01 1.242888255731748215e+00 -4.690732827978711938e+00
1.000000000000000000e+00 -3.000000000000000000e+00 2.634771167079778209e+00 1.710725278863037602e+00 -5.363391262684045202e-01 -1.604594771623348137e+01
2.000000000000000000e+00 2.000000000000000000e+00 2.627787713137748504e+00 -4.470263786290049168e+00 -1.417744780264936777e+00 1.171611402256480083e+01
-2.000000000000000000e+00 1.000000000000000000e+00 2.569089619212577169e+00 4.098327503486860479e+00 1.159083320449369570e+00 7.450303638097711456e+00
0.000000000000000000e+00 0.000000000000000000e+00 1.240355347626023175e+00 8.081087527373618684e+00 2.212529012106942972e-01 -3.939552611995068787e+00
-2.000000000000000000e+00 0.000000000000000000e+00 2.232425706655917441e+00 1.980946554422498451e+00 9.616842727831920179e-01 -7.676236835169802930e-02
-1.000000000000000000e+00 2.000000000000000000e+00 1.069955688644173897e+00 -8.187107470773039353e+00 6.841923865896544221e-01 1.210808399285953030e+01
0.000000000000000000e+00 -1.000000000000000000e+00 1.124210712842386606e+00 3.761879946942265462e+00 1.133138307283623192e-01 -8.665721250010784971e+00
-2.000000000000000000e+00 0.000000000000000000e+00 1.226756072474096460e+00 -8.728875984437479474e+00 1.347036176980524136e+00 1.153674782360901929e+00
-2.000000000000000000e+00 -1.000000000000000000e+00 1.698350568795466087e+00 -3.353047097433016432e+00 1.431960641123670941e+00 -6.475457285400480600e+00
1.000000000000000000e+00 -3.000000000000000000e+00 3.923285420923869005e+00 1.171855274741542985e+01 -4.240980298591776609e-01 -2.319354146886337276e+01
-2.000000000000000000e+00 0.000000000000000000e+00 1.046166411598990376e+00 4.816166675859530955e+00 1.217253330029862468e+00 1.137959950645466733e+00
0.000000000000000000e+00 2.000000000000000000e+00 1.601684291952005790e+00 -1.444230764269715550e+01 2.817749977486871948e-01 8.408596582848549161e+00
2.000000000000000000e+00 3.000000000000000000e+00 3.898882832680674149e+00 -1.482748940592342279e+01 -1.013510308295249907e+00 1.809439678893760117e+01
-2.000000000000000000e+00 -1.000000000000000000e+00 1.060102970319171334e+00 2.058635645898917232e+00 1.518190487869097272e+00 -3.073684701303090350e+00
3.000000000000000000e+00 2.000000000000000000e+00 3.840241423566514101e+00 -2.210756199527542876e+00 -2.463760121041350448e+00 1.369176973558766086e+01
-1.000000000000000000e+00 -2.000000000000000000e+00 1.015841982745120831e+00 -2.977411506228968108e+00 6.569098667876056563e-01 -7.941219574541106496e+00
-3.000000000000000000e+00 0.000000000000000000e+00 2.124776049361515096e+00 1.202662778498690699e+01 1.530175056649095922e+00 -1.976121394867892178e+00
-2.000000000000000000e+00 -1.000000000000000000e+00 1.035317664774852320e+00 1.018452010930140261e+01 1.268361178880377915e+00 -4.471618837109367917e+00
0.000000000000000000e+00 0.000000000000000000e+00 2.002467212642486061e+00 -7.204213187781633998e+00 -3.490911157845784096e-01 -1.448138335839806778e+00
-2.000000000000000000e+00 3.000000000000000000e+00 1.019490883602105269e+00 -1.459857437896339327e+01 1.705853544572052849e+00 2.936896289594459120e+01
3.000000000000000000e+00 0.000000000000000000e+00 3.106184831069570773e+00 1.724257020921854178e+00 -1.420894636773810893e+00 1.555530479415207168e+00
1.000000000000000000e+00 -1.000000000000000000e+00 3.150096894020582017e+00 -6.401527220644632976e+00 -2.603246505786351861e-01 -7.169111684937140794e+00
-2.000000000000000000e+00 -2.000000000000000000e+00 1.972009209977439337e+00 2.847836814173266617e+00 1.433115660234793420e+00 -1.497632476036843485e+01
-3.000000000000000000e+00 0.000000000000000000e+00 1.773088207665358018e+00 1.317414142603003313e+01 1.967845368814676865e+00 1.387529269684570465e+00
3.000000000000000000e+00 -1.000000000000000000e+00 3.816834413072589971e+00 -2.371915124439631484e+00 -2.716919726469947616e+00 -7.155218728274764572e+00
-1.000000000000000000e+00 1.000000000000000000e+00 3.405191160693893160e+00 3.704288321853155708e+00 2.218100940755998174e-01 5.594782851423175885e+00
0.000000000000000000e+00 -3.000000000000000000e+00 2.928324999637541559e+00 7.794126849992132122e+00 1.401651676134374469e-02 -1.772463383573368390e+01
-3.000000000000000000e+00 1.000000000000000000e+00 1.463786222415925264e+00 -6.676122834634627523e+00 1.908138291878531456e+00 6.245887705533135659e+00
-1.000000000000000000e+00 3.000000000000000000e+00 2.586594033199875131e+00 -8.427402691169248783e+00 3.549673006161442324e-01 1.656143769746162064e+01
-2.000000000000000000e+00 -1.000000000000000000e+00 2.322647647849570784e+00 -7.442767618367599702e+00 1.428767708868224240e+00 -6.753234771410654425e+00
3.000000000000000000e+00 -1.000000000000000000e+00 3.948289541374930600e+00 -4.110789995857217605e+00 -1.409503273671740775e+00 -7.589271260040149514e+00
2.000000000000000000e+00 -1.000000000000000000e+00 2.979874081612146952e+00 5.424640908730079758e+00 -1.007292243536297427e+00 -4.504079724695229103e+00
-3.000000000000000000e+00 1.000000000000000000e+00 1.368983348973808134e+00 -3.693140225973429835e+00 2.140744548556309468e+00 5.738350566288410448e+00
-3.000000000000000000e+00 2.000000000000000000e+00 1.069515092411580159e+00 -1.489811482164429357e+01 2.203772657860131989e+00 7.377543516184262629e+00
-3.000000000000000000e+00 -1.000000000000000000e+00 1.614098542273833647e+00 6.839552360283619237e+00 2.221636661678753288e+00 -6.398196441201431384e+00
-3.000000000000000000e+00 -3.000000000000000000e+00 1.529854301298037456e+00 7.205687911729171446e+00 1.852613564814995950e+00 -1.577871372595459043e+01
-1.000000000000000000e+00 -3.000000000000000000e+00 1.325600670300888684e+00 1.226398966200191865e+01 9.462249471342709661e-01 -2.125345478885147799e+01
1.000000000000000000e+00 0.000000000000000000e+00 3.930970810835350271e+00 1.121855596611739969e+01 -4.727387226603441128e-01 2.009823768065057692e+00
0.000000000000000000e+00 -3.000000000000000000e+00 1.080807950426931896e+00 7.926475357434259905e+00 1.447491325987266819e-01 -2.237290182183303244e+01
-2.000000000000000000e+00 1.000000000000000000e+00 2.855544741610038351e+00 -1.332681479129192148e+01 1.134119972982980507e+00 5.332992961394793952e+00
-1.000000000000000000e+00 -2.000000000000000000e+00 2.694586943908309884e+00 2.838524263156084970e+00 5.396722537585589841e-01 -1.058991982968844070e+01
-3.000000000000000000e+00 -1.000000000000000000e+00 1.350894704480271713e+00 -9.115139141626638519e+00 1.994302748758506993e+00 -2.145790871855572490e+00
0.000000000000000000e+00 3.000000000000000000e+00 1.261700447907629918e+00 -7.825073940369421166e+00 -5.592095296512722413e-03 2.258255562893998913e+01
0.000000000000000000e+00 3.000000000000000000e+00 2.090296215951177317e+00 -1.291635747632834175e+01 -3.142641085523063538e-01 2.297101052687391132e+01
-1.000000000000000000e+00 -2.000000000000000000e+00 2.544462037414358946e+00 1.241124336811839868e+00 5.278209244320319904e-01 -9.948944638831443754e+00
-3.000000000000000000e+00 2.000000000000000000e+00 1.453387734038274370e+00 -1.160887721380917625e+01 1.699931070561246926e+00 9.542757270175226125e+00
1.000000000000000000e+00 -1.000000000000000000e+00 1.841994057583508315e+00 2.373819088768325258e+00 -7.107046677721093886e-01 -8.474823871303756917e+00
-3.000000000000000000e+00 2.000000000000000000e+00 1.023239478068910913e+00 -1.313896305966718536e+01 2.519586696989722263e+00 1.137769789314552327e+01
-2.000000000000000000e+00 3.000000000000000000e+00 2.021140365309213038e+00 -1.394764863596134141e+01 1.298598480935610144e+00 1.672335006718404316e+01
1.000000000000000000e+00 3.000000000000000000e+00 3.711205058680065783e+00 -1.181593167843253056e+01 -3.578039264226848815e-01 2.581004218060688160e+01
-1.000000000000000000e+00 1.000000000000000000e+00 2.499441920321874733e+00 6.172101508889621613e+00 8.126938200533775358e-01 4.090873244973789014e+00
2.000000000000000000e+00 -3.000000000000000000e+00 2.532367087589479038e+00 1.126318044272953500e+01 -1.243178915652537242e+00 -2.587760252331846544e+01
2.000000000000000000e+00 -2.000000000000000000e+00 3.788573410629233251e+00 4.250849130139542353e+00 -8.739464783498203104e-01 -9.776514059309731053e+00
3.000000000000000000e+00 3.000000000000000000e+00 3.813136816634108861e+00 -1.473064190897863135e+01 -1.734949739456471907e+00 2.969280894808801463e+01
0.000000000000000000e+00 0.000000000000000000e+00 1.282656001917491517e+00 4.070905630617716042e+00 1.981102670129708532e-01 -1.725933940295504954e+00
3.000000000000000000e+00 0.000000000000000000e+00 3.810232098383569355e+00 -1.947148025709278585e+00 -2.448330745181686474e+00 -2.444208881298219893e+00
2.000000000000000000e+00 -3.000000000000000000e+00 2.376517378003768499e+00 1.326099305787269600e+01 -1.022420495189186429e+00 -2.324597660286868717e+01
-1.000000000000000000e+00 3.000000000000000000e+00 1.697792618001299658e+00 -1.080359559259415292e+01 6.083738828633080686e-01 2.152397273062968708e+01
-1.000000000000000000e+00 2.000000000000000000e+00 2.149335578748980957e+00 -2.669851019789760471e+00 4.767101471861221462e-01 1.189657435535703200e+01
-2.000000000000000000e+00 1.000000000000000000e+00 2.875800986972929074e+00 -4.208354549292224078e+00 1.018860603210629989e+00 4.641936437086485512e+00
3.000000000000000000e+00 -3.000000000000000000e+00 3.823287128482231623e+00 4.879983388938864408e-01 -1.431496325398067260e+00 -1.530986565064068827e+01
-1.000000000000000000e+00 -3.000000000000000000e+00 3.657123005629253853e+00 1.492241967641708200e+01 1.776354550560030887e-01 -2.258120821938487666e+01
-1.000000000000000000e+00 -1.000000000000000000e+00 2.333913177208473577e+00 9.510887624559021702e+00 5.437332833643564456e-01 -7.623627665329983927e+00
1.000000000000000000e+00 0.000000000000000000e+00 3.937788767946277080e+00 3.478133451663900644e+00 -5.199999383864586378e-01 -2.821822743913024567e+00
1.000000000000000000e+00 1.000000000000000000e+00 3.788507839156340928e+00 -3.570895461471186749e+00 -3.256342906654943192e-01 5.892186328023621300e+00
3.000000000000000000e+00 -3.000000000000000000e+00 3.628577707650917361e+00 1.488223794121346799e+01 -1.757639014361558338e+00 -2.132988466294465013e+01
1.000000000000000000e+00 3.000000000000000000e+00 2.449996073724481693e+00 -1.865877612614811554e+00 -3.047914027263511905e-01 1.434695188704104929e+01
-3.000000000000000000e+00 -3.000000000000000000e+00 1.471669892566030757e+00 1.025023900451825654e+01 1.940386577197052986e+00 -1.683443522297019967e+01
-3.000000000000000000e+00 2.000000000000000000e+00 1.512792040191702325e+00 -1.466775154823697136e+00 1.778774769304332315e+00 1.105105659728459599e+01
0.000000000000000000e+00 -1.000000000000000000e+00 3.325272288935133602e+00 1.376691193471225105e+01 1.163754628251423284e-02 -5.407873053611769620e+00
1.000000000000000000e+00 -1.000000000000000000e+00 1.838231137992070385e+00 5.767941026999171328e+00 -5.703356087880668834e-01 -8.150806023911123077e+00
-3.000000000000000000e+00 -1.000000000000000000e+00 1.154296586377913325e+00 7.081042768137191246e-01 2.516466290072237211e+00 -5.940879400294516444e+00
-2.000000000000000000e+00 0.000000000000000000e+00 1.363188514804672735e+00 4.397434250858317739e+00 1.399262202599338423e+00 -2.366547483947009312e+00
-3.000000000000000000e+00 1.000000000000000000e+00 1.832083064858830879e+00 -2.675961017949486376e-01 1.744073483926644963e+00 4.413828669970735419e+00
-2.000000000000000000e+00 -2.000000000000000000e+00 2.819057905217484894e+00 5.312070560516133355e+00 1.145741532247648298e+00 -1.427125182685017890e+01
3.000000000000000000e+00 2.000000000000000000e+00 3.830228339602510967e+00 -4.029659446432493297e+00 -2.130895478248964636e+00 1.051963853662499915e+01
-1.000000000000000000e+00 1.000000000000000000e+00 1.061019620710059286e+00 -6.582440091024606588e+00 5.902985359551737865e-01 4.339878027855229803e+00
3.000000000000000000e+00 1.000000000000000000e+00 3.047398753179757058e+00 4.960961197929474764e+00 -1.807540486281029590e+00 4.093952927622584781e+00
0.000000000000000000e+00 1.000000000000000000e+00 2.800258153500009506e+00 -3.581849471942259555e+00 1.314792514049858418e-01 3.881825473057526565e+00
1.000000000000000000e+00 2.000000000000000000e+00 2.800670026322925388e+00 -4.386759834636412947e+00 -5.518405134470887319e-01 7.859509735288989773e+00
2.000000000000000000e+00 1.000000000000000000e+00 3.897902628273842929e+00 -1.220564946724387667e+01 -1.183717139111772898e+00 4.341291211129934879e+00
0.000000000000000000e+00 3.000000000000000000e+00 2.370129978362706780e+00 -8.368120426021103953e+00 -2.887586165102815627e-01 2.177970284091540165e+01
2.000000000000000000e+00 3.000000000000000000e+00 2.541856970581884312e+00 -8.854948456000919066e+00 -1.427514153323906410e+00 1.984785614815793764e+01
-2.000000000000000000e+00 -2.000000000000000000e+00 1.185176579401772790e+00 -3.519922370901642950e+00 1.338904092762826403e+00 -8.252168361446972966e+00
-2.000000000000000000e+00 -1.000000000000000000e+00 1.230647957171282947e+00 8.368195751231585433e+00 1.086489318433466522e+00 -8.686853193251131700e+00
-3.000000000000000000e+00 3.000000000000000000e+00 1.046245861714355740e+00 -6.515482415419873163e+00 2.194853950300997170e+00 2.097050869159213704e+01
2.000000000000000000e+00 3.000000000000000000e+00 3.588079915010411902e+00 -1.010991543128624315e+01 -9.548992729579435235e-01 2.277291587935788542e+01
1.000000000000000000e+00 -1.000000000000000000e+00 2.884012664482231703e+00 8.768273386263405911e+00 -2.502707368117782494e-01 -7.925625668018049907e+00
0.000000000000000000e+00 -3.000000000000000000e+00 2.255533017744385749e+00 6.622910987485354894e+00 2.949789108895934930e-01 -1.751783178669871432e+01
-3.000000000000000000e+00 0.000000000000000000e+00 1.278381497041134462e+00 1.053855745575140546e+01 2.032062884668130121e+00 -4.561433666600720471e-01
3.000000000000000000e+00 -1.000000000000000000e+00 2.859923421400665688e+00 1.124966676737063409e+01 -1.658399094678672192e+00 -9.204039924495120317e+00
3.000000000000000000e+00 -2.000000000000000000e+00 3.911897146112631951e+00 6.540239666371160610e+00 -1.985686902580438895e+00 -1.533451220606158394e+01
-3.000000000000000000e+00 2.000000000000000000e+00 1.571457055899822208e+00 -8.659992066097700558e+00 2.171696102031597242e+00 8.273919504215353271e+00
2.000000000000000000e+00 0.000000000000000000e+00 3.532743086356489037e+00 -2.666565784416224716e+00 -1.043171430230880325e+00 5.670800012827044156e-01
