4.454344138503074646e-02 2.367175221443176270e-01 -2.321950495243072510e-01 -1.970597952604293823e-01 5.261574313044548035e-02 4.449319094419479370e-02
3.414996862411499023e-01 8.942661881446838379e-01 -6.775748729705810547e-01 -1.995696425437927246e-01 -2.584259510040283203e-01 1.269318610429763794e-01
6.384559869766235352e-01 5.654918551445007324e-01 1.860004305839538574e+00 -1.044308319687843323e-01 -9.641590118408203125e-01 8.119623363018035889e-02
9.354122281074523926e-01 5.654918551445007324e-01 1.735973834991455078e+00 -3.232239931821823120e-02 -1.763684630393981934e+00 9.473218023777008057e-02
-8.463252782821655273e-01 8.942661881446838379e-01 -9.457205533981323242e-01 -1.926736682653427124e-01 1.451272010803222656e+00 1.368841975927352905e-01
3.414996862411499023e-01 -7.496054768562316895e-01 6.727011799812316895e-01 3.319684416055679321e-02 -4.773429334163665771e-01 -1.302083581686019897e-01
4.454344138503074646e-02 -9.205681085586547852e-02 1.237499356269836426e+00 1.253277957439422607e-01 3.810329129919409752e-03 1.117041334509849548e-03
-5.493690967559814453e-01 -9.205681085586547852e-02 -1.220053791999816895e+00 2.669078297913074493e-02 7.131469845771789551e-01 -1.319342665374279022e-02
3.414996862411499023e-01 5.654918551445007324e-01 -4.240350425243377686e-01 -1.921565979719161987e-01 -6.053130626678466797e-01 7.153095304965972900e-02
-5.493690967559814453e-01 2.367175221443176270e-01 -2.476468682289123535e-01 -1.668918132781982422e-01 7.652980089187622070e-01 3.383236378431320190e-02
3.414996862411499023e-01 -4.208311438560485840e-01 -4.467877745628356934e-01 9.203857183456420898e-02 -6.468556523323059082e-01 -6.010587140917778015e-02
4.454344138503074646e-02 2.367175221443176270e-01 -3.070744276046752930e-01 -8.321737870573997498e-03 9.399230778217315674e-02 3.859497979283332825e-02
4.454344138503074646e-02 8.942661881446838379e-01 1.774616122245788574e+00 -1.799271106719970703e-01 4.651979729533195496e-02 1.263085007667541504e-01
-8.463252782821655273e-01 2.367175221443176270e-01 -1.781936526298522949e+00 -2.453364245593547821e-02 1.022618770599365234e+00 6.936145573854446411e-02
-8.463252782821655273e-01 5.654918551445007324e-01 -1.576043486595153809e+00 -2.741685695946216583e-02 1.471578598022460938e+00 1.039052158594131470e-01
-5.493690967559814453e-01 5.654918551445007324e-01 -1.658953309059143066e+00 -1.169451475143432617e-01 6.297268271446228027e-01 8.831698447465896606e-02
9.354122281074523926e-01 5.654918551445007324e-01 9.492287039756774902e-01 8.010214194655418396e-03 -1.475879073143005371e+00 8.858446031808853149e-02
-8.463252782821655273e-01 8.942661881446838379e-01 -1.335118770599365234e+00 -1.424242854118347168e-01 1.228531837463378906e+00 1.222522854804992676e-01
-5.493690967559814453e-01 2.367175221443176270e-01 -1.392249345779418945e+00 -8.652839064598083496e-02 6.840533614158630371e-01 1.322964206337928772e-02
4.454344138503074646e-02 -9.205681085586547852e-02 -1.431243062019348145e+00 -1.384123861789703369e-01 -2.103093117475509644e-01 1.694474718533456326e-03
-2.524128258228302002e-01 -9.205681085586547852e-02 -1.391529321670532227e+00 1.670959591865539551e-01 5.972349643707275391e-01 7.359617389738559723e-03
-8.463252782821655273e-01 -4.208311438560485840e-01 -1.726433277130126953e+00 5.757480394095182419e-03 1.403816342353820801e+00 -3.485998511314392090e-02
9.354122281074523926e-01 8.942661881446838379e-01 5.851063728332519531e-01 -1.855650991201400757e-01 -1.150965094566345215e+00 1.231001913547515869e-01
4.454344138503074646e-02 -4.208311438560485840e-01 -9.448705911636352539e-01 1.290713995695114136e-01 -6.452758796513080597e-03 -4.472231492400169373e-02
4.454344138503074646e-02 -1.078379750251770020e+00 -1.080031752586364746e+00 1.753148883581161499e-01 5.930505320429801941e-02 -2.331319153308868408e-01
6.384559869766235352e-01 -1.078379750251770020e+00 2.900458276271820068e-01 1.757095158100128174e-01 -9.124521017074584961e-01 -1.686771661043167114e-01
-2.524128258228302002e-01 -4.208311438560485840e-01 -3.917869031429290771e-01 3.443784953560680151e-04 4.644969999790191650e-01 -4.967001080513000488e-02
4.454344138503074646e-02 2.367175221443176270e-01 4.195933640003204346e-01 9.447667747735977173e-02 -6.684305518865585327e-02 3.146232292056083679e-02
-8.463252782821655273e-01 -7.496054768562316895e-01 -9.828647971153259277e-01 3.185079246759414673e-02 1.387962102890014648e+00 -1.141924187541007996e-01
-8.463252782821655273e-01 5.654918551445007324e-01 -9.268613457679748535e-01 -8.236280083656311035e-02 1.305109620094299316e+00 9.328360110521316528e-02
4.454344138503074646e-02 5.654918551445007324e-01 -6.693355441093444824e-01 -4.174117743968963623e-02 -1.466034203767776489e-01 7.590927183628082275e-02
-8.463252782821655273e-01 2.367175221443176270e-01 -1.436687350273132324e+00 6.202539429068565369e-02 9.925193786621093750e-01 3.385855257511138916e-02
-8.463252782821655273e-01 -7.496054768562316895e-01 -1.176817774772644043e+00 1.247873902320861816e-01 1.172081828117370605e+00 -1.075717583298683167e-01
3.414996862411499023e-01 8.942661881446838379e-01 -1.133894205093383789e+00 -1.660476326942443848e-01 -2.665884792804718018e-01 1.696436703205108643e-01
3.414996862411499023e-01 -7.496054768562316895e-01 -3.637210130691528320e-01 1.792128533124923706e-01 -5.697832107543945312e-01 -9.747271239757537842e-02
3.414996862411499023e-01 -9.205681085586547852e-02 1.653217077255249023e+00 8.306659013032913208e-02 -2.616437673568725586e-01 -3.383225202560424805e-02
6.384559869766235352e-01 2.367175221443176270e-01 1.240619301795959473e+00 -7.432613056153059006e-03 -1.061529397964477539e+00 6.441782414913177490e-02
9.354122281074523926e-01 -4.208311438560485840e-01 1.600106954574584961e+00 1.718164831399917603e-01 -1.341423988342285156e+00 -9.224280714988708496e-02
3.414996862411499023e-01 -9.205681085586547852e-02 4.853240847587585449e-01 1.621785163879394531e-01 -2.840477526187896729e-01 -2.877520956099033356e-02
3.414996862411499023e-01 -4.208311438560485840e-01 1.362501144409179688e+00 2.070540636777877808e-01 -5.080043077468872070e-01 -5.022943019866943359e-02
4.454344138503074646e-02 -4.208311438560485840e-01 -1.357596516609191895e-01 3.063985332846641541e-02 -7.350204885005950928e-02 -8.653862774372100830e-02
6.384559869766235352e-01 -9.205681085586547852e-02 1.899831771850585938e+00 -1.066193655133247375e-01 -9.463988542556762695e-01 -9.284020401537418365e-03
-5.493690967559814453e-01 2.367175221443176270e-01 -5.387325286865234375e-01 -1.789875030517578125e-01 8.480288386344909668e-01 4.246740788221359253e-02
4.454344138503074646e-02 5.654918551445007324e-01 -1.752768903970718384e-01 -6.408854573965072632e-02 -8.549784310162067413e-03 1.060007810592651367e-01
-2.524128258228302002e-01 2.367175221443176270e-01 -1.790286540985107422e+00 -2.440832927823066711e-02 3.333953022956848145e-01 5.964573472738265991e-02
-8.463252782821655273e-01 2.367175221443176270e-01 -1.320118546485900879e+00 -6.954321637749671936e-03 1.248760104179382324e+00 5.700633674860000610e-02
6.384559869766235352e-01 -1.078379750251770020e+00 5.685878992080688477e-01 4.836617410182952881e-02 -9.313583374023437500e-01 -1.420399397611618042e-01
9.354122281074523926e-01 -7.496054768562316895e-01 1.055937767028808594e+00 8.658836036920547485e-02 -1.259019017219543457e+00 -1.145359203219413757e-01
-8.463252782821655273e-01 5.654918551445007324e-01 -1.131142258644104004e+00 -2.852566167712211609e-02 1.160106420516967773e+00 8.486425876617431641e-02
9.354122281074523926e-01 -9.205681085586547852e-02 1.238492846488952637e+00 1.303543001413345337e-01 -1.424628376960754395e+00 -3.385671181604266167e-03
4.454344138503074646e-02 8.942661881446838379e-01 -1.535875201225280762e+00 -1.805413961410522461e-01 -2.042204588651657104e-01 1.207667216658592224e-01
-2.524128258228302002e-01 -9.205681085586547852e-02 -1.048677086830139160e+00 -1.345152705907821655e-01 4.240562915802001953e-01 -1.908042654395103455e-02
-2.524128258228302002e-01 8.942661881446838379e-01 4.611046016216278076e-01 -1.732837110757827759e-01 3.011175692081451416e-01 1.661718189716339111e-01
6.384559869766235352e-01 -7.496054768562316895e-01 6.926829218864440918e-01 4.285893216729164124e-02 -1.012282252311706543e+00 -1.222832947969436646e-01
6.384559869766235352e-01 2.367175221443176270e-01 1.643665552139282227e+00 -9.500350058078765869e-02 -1.011556267738342285e+00 3.795336186885833740e-02
-2.524128258228302002e-01 2.367175221443176270e-01 -4.655225872993469238e-01 7.008588314056396484e-02 2.715023458003997803e-01 7.000687718391418457e-02
-8.463252782821655273e-01 -4.208311438560485840e-01 -1.525498390197753906e+00 6.915841996669769287e-02 1.635314941406250000e+00 -5.634257942438125610e-02
-5.493690967559814453e-01 -9.205681085586547852e-02 -1.478356242179870605e+00 -1.640344858169555664e-01 6.331537365913391113e-01 6.954264827072620392e-03
-8.463252782821655273e-01 -9.205681085586547852e-02 -1.428513765335083008e+00 1.735900938510894775e-01 1.354851841926574707e+00 -2.541964501142501831e-02
4.454344138503074646e-02 -7.496054768562316895e-01 5.574206113815307617e-01 -2.470646286383271217e-03 3.851630911231040955e-02 -1.222364157438278198e-01
3.414996862411499023e-01 -4.208311438560485840e-01 1.737722754478454590e+00 -2.964620850980281830e-02 -7.410492897033691406e-01 -8.473008126020431519e-02
-2.524128258228302002e-01 2.367175221443176270e-01 4.542804360389709473e-01 1.620550155639648438e-01 6.210159659385681152e-01 1.339178811758756638e-02
-2.524128258228302002e-01 -4.208311438560485840e-01 -2.849664986133575439e-01 1.759482547640800476e-02 4.084225893020629883e-01 -9.269739687442779541e-02
-2.524128258228302002e-01 -4.208311438560485840e-01 8.398355841636657715e-01 1.904756873846054077e-01 4.021208584308624268e-01 -5.276630818843841553e-02
3.414996862411499023e-01 -4.208311438560485840e-01 9.458094239234924316e-01 -3.291042894124984741e-02 -2.313708513975143433e-01 -5.122121423482894897e-02
3.414996862411499023e-01 2.367175221443176270e-01 1.717682480812072754e+00 -3.427296504378318787e-02 -3.647006750106811523e-01 3.174851089715957642e-02
3.414996862411499023e-01 2.367175221443176270e-01 9.231209158897399902e-01 -1.100920792669057846e-02 -2.333783656358718872e-01 1.063649356365203857e-02
3.414996862411499023e-01 2.367175221443176270e-01 7.543077468872070312e-01 1.287838220596313477e-01 -2.617572844028472900e-01 3.206115216016769409e-02
3.414996862411499023e-01 -1.078379750251770020e+00 1.137100338935852051e+00 1.699596643447875977e-01 -5.448858737945556641e-01 -2.301940321922302246e-01
3.414996862411499023e-01 8.942661881446838379e-01 1.616630792617797852e+00 -9.478732198476791382e-02 -4.788511395454406738e-01 1.510369926691055298e-01
-2.524128258228302002e-01 2.367175221443176270e-01 9.591967612504959106e-02 -1.319655776023864746e-01 3.819678425788879395e-01 1.075464114546775818e-02
4.454344138503074646e-02 8.942661881446838379e-01 1.985493779182434082e+00 -1.520570218563079834e-01 -5.081084743142127991e-02 1.381378918886184692e-01
4.454344138503074646e-02 -1.078379750251770020e+00 1.515943884849548340e+00 8.630607277154922485e-02 -1.943026781082153320e-01 -1.613325029611587524e-01
3.414996862411499023e-01 -4.208311438560485840e-01 6.353659629821777344e-01 -1.119247153401374817e-01 -6.762256026268005371e-01 -6.844445317983627319e-02
4.454344138503074646e-02 -4.208311438560485840e-01 1.346106410026550293e+00 3.595555573701858521e-02 7.466632872819900513e-02 -3.517156466841697693e-02
9.354122281074523926e-01 -4.208311438560485840e-01 1.111530423164367676e+00 1.637358218431472778e-01 -1.105648517608642578e+00 -4.982530698180198669e-02
9.354122281074523926e-01 2.367175221443176270e-01 1.517321109771728516e+00 8.896134793758392334e-02 -1.667163729667663574e+00 5.984606221318244934e-02
-5.493690967559814453e-01 -4.208311438560485840e-01 -1.604486703872680664e+00 2.064164429903030396e-01 9.365828633308410645e-01 -6.624852120876312256e-02
3.414996862411499023e-01 5.654918551445007324e-01 -1.175359725952148438e+00 1.309569180011749268e-02 -3.076287209987640381e-01 7.075071334838867188e-02
-2.524128258228302002e-01 -4.208311438560485840e-01 -1.429913341999053955e-01 -4.959310218691825867e-02 6.085625290870666504e-01 -5.401318147778511047e-02
-2.524128258228302002e-01 -4.208311438560485840e-01 5.971383452415466309e-01 1.956707835197448730e-01 1.380127221345901489e-01 -5.923010036349296570e-02
9.354122281074523926e-01 5.654918551445007324e-01 1.409613013267517090e+00 5.969922523945569992e-03 -1.711623549461364746e+00 7.895945012569427490e-02
-2.524128258228302002e-01 -9.205681085586547852e-02 -1.141039848327636719e+00 4.571664333343505859e-02 1.266433745622634888e-01 -2.067347057163715363e-02
-5.493690967559814453e-01 8.942661881446838379e-01 -5.833497047424316406e-01 -5.218613520264625549e-02 9.423729181289672852e-01 1.242920607328414917e-01
3.414996862411499023e-01 -4.208311438560485840e-01 1.058604001998901367e+00 5.748976394534111023e-02 -7.372104525566101074e-01 -6.643014401197433472e-02
4.454344138503074646e-02 -1.078379750251770020e+00 -1.876920223236083984e+00 1.112606227397918701e-01 3.749913349747657776e-02 -1.998624205589294434e-01
4.454344138503074646e-02 2.367175221443176270e-01 -2.366716414690017700e-01 -2.025732994079589844e-01 3.715750947594642639e-02 4.040317609906196594e-02
-2.524128258228302002e-01 8.942661881446838379e-01 5.933290123939514160e-01 -2.995629049837589264e-02 1.948528140783309937e-01 1.128676980733871460e-01
-8.463252782821655273e-01 2.367175221443176270e-01 -5.500404834747314453e-01 -1.580780446529388428e-01 1.005917429924011230e+00 6.427225470542907715e-02
4.454344138503074646e-02 2.367175221443176270e-01 7.438591718673706055e-01 -1.589168757200241089e-01 -1.740095913410186768e-01 2.747568674385547638e-02
9.354122281074523926e-01 2.367175221443176270e-01 1.645939469337463379e+00 -1.949151232838630676e-02 -1.891884446144104004e+00 1.254253741353750229e-02
-2.524128258228302002e-01 -7.496054768562316895e-01 1.274731397628784180e+00 1.375851929187774658e-01 2.332807034254074097e-01 -1.243676766753196716e-01
-2.524128258228302002e-01 -1.078379750251770020e+00 5.890279412269592285e-01 1.373322755098342896e-01 3.216473460197448730e-01 -1.572191417217254639e-01
9.354122281074523926e-01 2.367175221443176270e-01 5.934427976608276367e-01 7.868876308202743530e-02 -1.164843082427978516e+00 2.372764050960540771e-02
4.454344138503074646e-02 5.654918551445007324e-01 -1.577363133430480957e+00 -5.609557777643203735e-02 -1.824426800012588501e-01 9.641583263874053955e-02
-8.463252782821655273e-01 -9.205681085586547852e-02 -4.977180063724517822e-01 3.493748605251312256e-02 1.087785959243774414e+00 -9.363447898067533970e-04
-2.524128258228302002e-01 5.654918551445007324e-01 -1.239458680152893066e+00 -1.189858913421630859e-01 1.162866428494453430e-01 7.208704203367233276e-02
-8.463252782821655273e-01 -4.208311438560485840e-01 -1.174806356430053711e+00 5.085679516196250916e-02 1.229628205299377441e+00 -4.885608702898025513e-02
4.454344138503074646e-02 -1.078379750251770020e+00 -1.820184290409088135e-01 1.340989172458648682e-01 -1.772537976503372192e-01 -1.678711622953414917e-01
4.454344138503074646e-02 -9.205681085586547852e-02 -8.167985081672668457e-02 -6.296897679567337036e-02 4.794492200016975403e-02 -1.312263030558824539e-02
