-3.815325722098350525e-02 -5.430612564086914062e-01 8.354653604328632355e-03 8.844872564077377319e-02 -6.229683011770248413e-02 -8.387829363346099854e-02
-3.815325722098350525e-02 2.485732138156890869e-01 -1.562088727951049805e-01 -7.223375886678695679e-02 -3.666411340236663818e-02 2.560362033545970917e-02
2.305316329002380371e-01 -1.530493143945932388e-02 1.795398890972137451e-01 8.791662752628326416e-02 -3.133578300476074219e-01 2.807460026815533638e-03
-3.815325722098350525e-02 -1.530493143945932388e-02 -7.383921146392822266e-01 1.383415237069129944e-02 -8.777350932359695435e-02 -2.581990323960781097e-03
2.305316329002380371e-01 -2.791830599308013916e-01 7.929415702819824219e-01 -5.241494253277778625e-02 -1.880099624395370483e-01 -1.327755209058523178e-02
-3.815325722098350525e-02 5.124513506889343262e-01 5.096378922462463379e-02 -8.523766696453094482e-02 1.682386696338653564e-01 6.020025163888931274e-02
-3.068381547927856445e-01 2.485732138156890869e-01 -7.461805939674377441e-01 4.363726824522018433e-03 6.216846704483032227e-01 3.462234884500503540e-02
2.305316329002380371e-01 -1.530493143945932388e-02 -5.971659347414970398e-02 3.998019173741340637e-02 -3.888028860092163086e-01 4.313805606216192245e-03
-3.068381547927856445e-01 -1.530493143945932388e-02 -3.034575283527374268e-01 -3.678027912974357605e-02 3.561714887619018555e-01 -1.292235497385263443e-02
-3.815325722098350525e-02 -2.791830599308013916e-01 -2.604672312736511230e-01 3.091728501021862030e-02 1.646750420331954956e-01 -2.843374945223331451e-02
2.305316329002380371e-01 -2.791830599308013916e-01 9.233424067497253418e-01 5.692539364099502563e-02 -4.127593934535980225e-01 -5.527497828006744385e-02
-3.068381547927856445e-01 -2.791830599308013916e-01 -1.429839879274368286e-01 -3.404046595096588135e-02 4.361746609210968018e-01 -1.512158103287220001e-02
-3.815325722098350525e-02 2.485732138156890869e-01 5.723916292190551758e-01 1.023444440215826035e-02 1.555806584656238556e-02 4.235386475920677185e-02
-3.815325722098350525e-02 -5.430612564086914062e-01 -2.114104181528091431e-01 6.171641871333122253e-02 1.178152561187744141e-01 -7.273253053426742554e-02
2.305316329002380371e-01 -2.791830599308013916e-01 6.255146265029907227e-01 6.807446479797363281e-02 -2.678379416465759277e-01 -5.367370694875717163e-02
-3.068381547927856445e-01 -2.791830599308013916e-01 -2.350289225578308105e-01 -2.719298470765352249e-03 3.369893431663513184e-01 -3.452788293361663818e-02
-3.068381547927856445e-01 2.485732138156890869e-01 -4.902194440364837646e-01 -7.792947441339492798e-02 5.088574886322021484e-01 3.648049011826515198e-02
2.305316329002380371e-01 5.124513506889343262e-01 -3.791832625865936279e-01 -5.632713064551353455e-02 -2.190749496221542358e-01 5.633776262402534485e-02
-5.755230188369750977e-01 5.124513506889343262e-01 -7.749286890029907227e-01 -3.257264941930770874e-02 8.453219532966613770e-01 5.402800440788269043e-02
2.305316329002380371e-01 -1.530493143945932388e-02 5.035194158554077148e-01 3.667961433529853821e-02 -3.523346781730651855e-01 -2.661823760718107224e-03
-5.755230188369750977e-01 -1.530493143945932388e-02 -4.142751395702362061e-01 -7.265137135982513428e-02 7.012318372726440430e-01 6.297930609434843063e-03
-5.755230188369750977e-01 2.485732138156890869e-01 -9.890963435173034668e-01 -6.788018345832824707e-02 8.839007616043090820e-01 2.933365665376186371e-02
4.992165565490722656e-01 -1.530493143945932388e-02 6.813854575157165527e-01 -3.388618305325508118e-02 -7.293809056282043457e-01 -7.741449866443872452e-03
-3.068381547927856445e-01 -1.530493143945932388e-02 1.158541664481163025e-01 -8.057538419961929321e-02 4.057542681694030762e-01 3.330779727548360825e-03
2.305316329002380371e-01 -5.430612564086914062e-01 7.671663165092468262e-01 7.762688398361206055e-02 -4.252358376979827881e-01 -7.877386361360549927e-02
-5.755230188369750977e-01 -2.791830599308013916e-01 -1.012406945228576660e+00 -4.021754860877990723e-02 7.070662379264831543e-01 -2.235479839146137238e-02
-5.755230188369750977e-01 -1.530493143945932388e-02 -4.095425009727478027e-01 6.340465694665908813e-02 6.985563635826110840e-01 -1.259093265980482101e-02
-3.068381547927856445e-01 2.485732138156890869e-01 2.666419446468353271e-01 -7.918153703212738037e-02 3.000358641147613525e-01 4.211124405264854431e-02
-3.068381547927856445e-01 2.485732138156890869e-01 -3.065935671329498291e-01 -1.625118218362331390e-02 5.274519920349121094e-01 3.050674498081207275e-02
2.305316329002380371e-01 -5.430612564086914062e-01 2.013342678546905518e-01 4.450098052620887756e-02 -2.489174902439117432e-01 -5.731186270713806152e-02
-3.815325722098350525e-02 -2.791830599308013916e-01 5.235431790351867676e-01 3.873981907963752747e-02 -7.300341129302978516e-02 -4.880286008119583130e-02
-3.815325722098350525e-02 -5.430612564086914062e-01 2.891624532639980316e-02 3.110686130821704865e-02 1.660888195037841797e-01 -6.000844761729240417e-02
-3.815325722098350525e-02 -1.530493143945932388e-02 -9.380025267601013184e-01 -8.532106131315231323e-02 1.074387505650520325e-01 1.156506035476922989e-02
2.305316329002380371e-01 -1.530493143945932388e-02 3.909679353237152100e-01 -8.215676993131637573e-02 -2.988615930080413818e-01 1.255783904343843460e-02
-3.815325722098350525e-02 -5.430612564086914062e-01 -3.463080823421478271e-01 6.206011399626731873e-02 -1.720212548971176147e-01 -7.549959421157836914e-02
2.305316329002380371e-01 -2.791830599308013916e-01 4.860747158527374268e-01 6.720995996147394180e-03 -3.600357174873352051e-01 -3.703472763299942017e-02
-3.068381547927856445e-01 2.485732138156890869e-01 -3.915799856185913086e-01 -6.824977695941925049e-02 2.613699436187744141e-01 3.727375715970993042e-02
-3.068381547927856445e-01 2.485732138156890869e-01 5.733758583664894104e-02 -2.923678047955036163e-02 3.835690319538116455e-01 2.573475614190101624e-02
2.305316329002380371e-01 2.485732138156890869e-01 -5.305902287364006042e-02 -5.378027260303497314e-02 -3.498466908931732178e-01 2.730109356343746185e-02
-5.755230188369750977e-01 -2.791830599308013916e-01 -5.983477234840393066e-01 7.139112055301666260e-02 7.648949623107910156e-01 -3.326837718486785889e-02
-3.815325722098350525e-02 -2.791830599308013916e-01 -7.217874526977539062e-01 9.210397489368915558e-03 -2.053133212029933929e-02 -3.856527805328369141e-02
4.992165565490722656e-01 -2.791830599308013916e-01 7.001578211784362793e-01 6.364650279283523560e-02 -5.593636631965637207e-01 -3.406544029712677002e-02
-3.068381547927856445e-01 -1.530493143945932388e-02 -3.223272860050201416e-01 -2.273193746805191040e-02 4.319324493408203125e-01 1.179529447108507156e-02
4.992165565490722656e-01 2.485732138156890869e-01 6.122767925262451172e-01 9.769378229975700378e-03 -6.852738261222839355e-01 2.851825207471847534e-02
-3.068381547927856445e-01 -1.530493143945932388e-02 -9.665696620941162109e-01 -3.171453252434730530e-02 3.660010695457458496e-01 8.226009667851030827e-04
-5.755230188369750977e-01 -1.530493143945932388e-02 -5.484101772308349609e-01 -4.812879115343093872e-02 6.677507162094116211e-01 -4.338701255619525909e-03
-3.815325722098350525e-02 2.485732138156890869e-01 -3.591419160366058350e-01 -7.860268652439117432e-02 -1.395886242389678955e-01 4.598613828420639038e-02
-3.815325722098350525e-02 -1.530493143945932388e-02 -2.177396975457668304e-02 1.866810023784637451e-02 8.841693401336669922e-02 -3.579338314011693001e-03
2.305316329002380371e-01 -1.530493143945932388e-02 4.690253734588623047e-01 -6.421010196208953857e-02 -3.540300726890563965e-01 -3.249305998906493187e-03
-5.755230188369750977e-01 -2.791830599308013916e-01 -7.185362577438354492e-01 3.372253477573394775e-02 7.478750348091125488e-01 -3.283048421144485474e-02
2.305316329002380371e-01 2.485732138156890869e-01 3.121988773345947266e-01 -5.624319985508918762e-02 -2.532368302345275879e-01 1.718652807176113129e-02
-3.815325722098350525e-02 -2.791830599308013916e-01 7.929001450538635254e-01 6.549672782421112061e-02 -2.561793103814125061e-02 -5.812706425786018372e-02
-3.815325722098350525e-02 -2.791830599308013916e-01 5.087074264883995056e-02 -5.171809718012809753e-02 -2.544261887669563293e-02 -1.500502508133649826e-02
-3.068381547927856445e-01 2.485732138156890869e-01 -2.070786952972412109e-01 -1.581525802612304688e-02 2.750813663005828857e-01 4.989674687385559082e-02
2.305316329002380371e-01 -1.530493143945932388e-02 5.303973555564880371e-01 8.249513059854507446e-02 -1.826418936252593994e-01 -8.524119853973388672e-03
2.305316329002380371e-01 -1.530493143945932388e-02 4.342756867408752441e-01 -4.174828901886940002e-02 -3.876907229423522949e-01 -5.898323724977672100e-04
4.992165565490722656e-01 2.485732138156890869e-01 9.057947397232055664e-01 -3.797411173582077026e-02 -5.238276124000549316e-01 2.372394315898418427e-02
-3.068381547927856445e-01 2.485732138156890869e-01 -9.364093542098999023e-01 -7.435590028762817383e-02 3.805094361305236816e-01 2.432769536972045898e-02
-3.815325722098350525e-02 -1.530493143945932388e-02 8.719971776008605957e-01 -4.008207097649574280e-02 -9.204696863889694214e-03 -6.870378740131855011e-03
-3.815325722098350525e-02 -1.530493143945932388e-02 5.204024910926818848e-01 2.406368404626846313e-02 -7.766136527061462402e-02 -1.453155744820833206e-02
4.992165565490722656e-01 -1.530493143945932388e-02 4.461793899536132812e-01 7.924682646989822388e-02 -6.827307343482971191e-01 1.080552581697702408e-03
-3.815325722098350525e-02 2.485732138156890869e-01 -1.431175321340560913e-02 -2.203010953962802887e-02 8.718159049749374390e-02 5.294786021113395691e-02
-5.755230188369750977e-01 -1.530493143945932388e-02 -7.060183286666870117e-01 4.015390574932098389e-02 7.484002709388732910e-01 2.246487699449062347e-02
2.305316329002380371e-01 5.124513506889343262e-01 -1.156696230173110962e-01 -3.532948717474937439e-02 -2.363754212856292725e-01 6.358988583087921143e-02
4.992165565490722656e-01 -1.530493143945932388e-02 6.187513470649719238e-01 -3.371994569897651672e-02 -5.987527370452880859e-01 6.572661921381950378e-03
4.992165565490722656e-01 -1.530493143945932388e-02 4.018224477767944336e-01 5.144971609115600586e-02 -6.492925882339477539e-01 -1.113441493362188339e-02
-3.815325722098350525e-02 5.124513506889343262e-01 -1.020453572273254395e-01 -6.210568547248840332e-02 -7.909376919269561768e-02 5.492054671049118042e-02
-3.068381547927856445e-01 2.485732138156890869e-01 -9.194889068603515625e-01 -7.128038257360458374e-02 4.984284937381744385e-01 3.553500026464462280e-02
-3.068381547927856445e-01 -1.530493143945932388e-02 3.084096610546112061e-01 8.099158853292465210e-02 1.744815409183502197e-01 -1.239222008734941483e-02
-3.815325722098350525e-02 -1.530493143945932388e-02 -2.619173228740692139e-01 3.545502200722694397e-02 2.020204067230224609e-01 -1.062638778239488602e-02
2.305316329002380371e-01 -5.430612564086914062e-01 8.315701484680175781e-01 9.012656658887863159e-02 -3.737869858741760254e-01 -6.713052093982696533e-02
-3.815325722098350525e-02 -2.791830599308013916e-01 -3.621218502521514893e-01 -4.899133741855621338e-02 -1.846074610948562622e-01 -1.526663638651371002e-02
-3.815325722098350525e-02 -1.530493143945932388e-02 6.994709372520446777e-01 3.293533623218536377e-02 7.882115989923477173e-02 -6.387751549482345581e-03
2.305316329002380371e-01 -2.791830599308013916e-01 1.870747506618499756e-01 4.030260816216468811e-02 -2.029644101858139038e-01 -4.832537844777107239e-02
-3.068381547927856445e-01 -1.530493143945932388e-02 1.778208613395690918e-01 -1.978903636336326599e-02 1.952213793992996216e-01 -8.392143994569778442e-03
2.305316329002380371e-01 2.485732138156890869e-01 -7.753503322601318359e-02 -5.150800570845603943e-03 -4.277698993682861328e-01 5.073355138301849365e-02
-3.068381547927856445e-01 -2.791830599308013916e-01 3.583097755908966064e-01 6.310055404901504517e-02 2.676496505737304688e-01 -2.226134017109870911e-02
2.305316329002380371e-01 -1.530493143945932388e-02 9.223868846893310547e-01 9.161991626024246216e-02 -2.400128245353698730e-01 -1.259499974548816681e-02
-3.068381547927856445e-01 -1.530493143945932388e-02 -8.269580006599426270e-01 8.227996528148651123e-02 6.266826987266540527e-01 -2.055454999208450317e-02
2.305316329002380371e-01 -5.430612564086914062e-01 -2.383028417825698853e-01 7.869304716587066650e-02 -3.345972001552581787e-01 -7.603440433740615845e-02
-3.068381547927856445e-01 5.124513506889343262e-01 -2.741456031799316406e-01 -3.998506814241409302e-02 5.019606351852416992e-01 5.439439415931701660e-02
2.305316329002380371e-01 2.485732138156890869e-01 4.270313978195190430e-01 -5.047113448381423950e-02 -3.280069530010223389e-01 4.676697775721549988e-02
-3.815325722098350525e-02 -1.530493143945932388e-02 6.384307052940130234e-03 -7.495786994695663452e-02 5.969541892409324646e-02 7.602643687278032303e-03
2.305316329002380371e-01 -1.530493143945932388e-02 8.054650574922561646e-02 5.081836134195327759e-02 -4.822941720485687256e-01 1.324783824384212494e-02
-3.068381547927856445e-01 -2.791830599308013916e-01 -3.062677383422851562e-01 2.342463470995426178e-02 4.515275061130523682e-01 -4.131826013326644897e-02
-3.815325722098350525e-02 -2.791830599308013916e-01 -6.729701757431030273e-01 8.258403837680816650e-02 -9.383440017700195312e-02 -5.047918856143951416e-02
2.305316329002380371e-01 -2.791830599308013916e-01 -3.576701879501342773e-01 3.877472598105669022e-03 -3.031813204288482666e-01 -4.265305399894714355e-02
-5.755230188369750977e-01 -1.530493143945932388e-02 -5.763558149337768555e-01 3.781072422862052917e-02 7.564899325370788574e-01 7.182735018432140350e-03
-3.815325722098350525e-02 -2.791830599308013916e-01 -6.937124729156494141e-01 2.594577521085739136e-02 -1.072258874773979187e-02 -4.181900620460510254e-02
-3.068381547927856445e-01 -1.530493143945932388e-02 -5.565107464790344238e-01 4.967018216848373413e-02 2.756325304508209229e-01 2.099607698619365692e-02
2.305316329002380371e-01 2.485732138156890869e-01 8.301874399185180664e-01 2.099012397229671478e-02 -4.454172849655151367e-01 3.720714896917343140e-02
4.992165565490722656e-01 -2.791830599308013916e-01 6.022540926933288574e-01 3.768292441964149475e-02 -5.120114088058471680e-01 -2.102008089423179626e-02
-3.815325722098350525e-02 -5.430612564086914062e-01 -6.026170253753662109e-01 5.132503807544708252e-02 -1.203320249915122986e-01 -6.315119564533233643e-02
2.305316329002380371e-01 5.124513506889343262e-01 2.128515541553497314e-01 -8.509424328804016113e-02 -3.071354329586029053e-01 8.930539339780807495e-02
-3.068381547927856445e-01 2.485732138156890869e-01 -6.524701118469238281e-01 -8.452331647276878357e-03 3.565460741519927979e-01 4.852131009101867676e-02
-3.068381547927856445e-01 -1.530493143945932388e-02 -3.929283916950225830e-01 -3.558718040585517883e-02 5.386127233505249023e-01 1.096197776496410370e-02
-3.815325722098350525e-02 -1.530493143945932388e-02 -5.053772926330566406e-01 -1.172639988362789154e-02 -5.006496608257293701e-02 -7.119158748537302017e-03
4.992165565490722656e-01 2.485732138156890869e-01 3.167154788970947266e-01 -7.987103611230850220e-02 -5.316517949104309082e-01 3.791752457618713379e-02
2.305316329002380371e-01 -2.791830599308013916e-01 4.209358096122741699e-01 7.547948509454727173e-02 -3.784614205360412598e-01 -3.265910968184471130e-02
-3.815325722098350525e-02 -1.530493143945932388e-02 -7.120299935340881348e-01 2.495622448623180389e-02 1.763346046209335327e-01 2.787110628560185432e-03
-3.815325722098350525e-02 2.485732138156890869e-01 1.118797808885574341e-01 -3.400191664695739746e-02 2.589974738657474518e-02 2.598765864968299866e-02
-3.815325722098350525e-02 5.124513506889343262e-01 -9.445358514785766602e-01 -6.657032668590545654e-02 1.802364587783813477e-01 5.876972526311874390e-02
-3.068381547927856445e-01 -1.530493143945932388e-02 -9.648910760879516602e-01 -5.166475474834442139e-02 5.869686007499694824e-01 5.195830017328262329e-03
-3.068381547927856445e-01 -2.791830599308013916e-01 -5.693566799163818359e-01 4.997668787837028503e-02 3.144739270210266113e-01 -3.416489809751510620e-02
-3.068381547927856445e-01 -1.530493143945932388e-02 -3.976712524890899658e-01 1.859974145190790296e-04 2.989688217639923096e-01 -1.493984647095203400e-02
-3.068381547927856445e-01 -1.530493143945932388e-02 -3.561644554138183594e-01 3.425048291683197021e-02 5.216866731643676758e-01 -1.779450848698616028e-02
-3.068381547927856445e-01 -2.791830599308013916e-01 -4.053059592843055725e-02 1.769940555095672607e-02 2.351531833410263062e-01 -3.019728697836399078e-02
2.305316329002380371e-01 -1.530493143945932388e-02 -1.035238876938819885e-01 4.064363986253738403e-02 -4.216959178447723389e-01 1.337321195751428604e-02
4.992165565490722656e-01 -2.791830599308013916e-01 3.973853290081024170e-01 7.473667711019515991e-02 -5.579112768173217773e-01 -3.973059356212615967e-02
4.992165565490722656e-01 -5.430612564086914062e-01 8.606511354446411133e-01 8.400455862283706665e-02 -5.835008621215820312e-01 -6.861630827188491821e-02
4.992165565490722656e-01 2.485732138156890869e-01 8.981785774230957031e-01 -2.040190808475017548e-02 -6.406164765357971191e-01 2.104529552161693573e-02
2.305316329002380371e-01 -5.430612564086914062e-01 9.231813549995422363e-01 7.481278479099273682e-02 -1.511524915695190430e-01 -7.234739512205123901e-02
-3.068381547927856445e-01 5.124513506889343262e-01 -7.665846943855285645e-01 -7.794816046953201294e-02 5.807204842567443848e-01 8.789455890655517578e-02
2.305316329002380371e-01 2.485732138156890869e-01 5.238813161849975586e-01 -8.446434140205383301e-02 -2.353182733058929443e-01 4.304961115121841431e-02
-3.815325722098350525e-02 -1.530493143945932388e-02 2.006971687078475952e-01 -5.387286096811294556e-02 3.171504288911819458e-02 2.273016842082142830e-03
2.305316329002380371e-01 -5.430612564086914062e-01 5.349553227424621582e-01 6.406097859144210815e-02 -3.516472578048706055e-01 -6.306945532560348511e-02
-3.068381547927856445e-01 -1.530493143945932388e-02 -2.894845604896545410e-01 -3.767823800444602966e-02 2.305128723382949829e-01 -5.362732801586389542e-03
2.305316329002380371e-01 -1.530493143945932388e-02 -2.123455107212066650e-01 1.985885389149188995e-02 -3.700060546398162842e-01 -2.349188784137368202e-03
-3.068381547927856445e-01 -1.530493143945932388e-02 2.002378106117248535e-01 -3.261325880885124207e-02 3.765807747840881348e-01 1.251976285129785538e-02
-3.815325722098350525e-02 2.485732138156890869e-01 -1.846904903650283813e-01 -8.469312451779842377e-04 1.834541745483875275e-02 3.396969661116600037e-02
-3.068381547927856445e-01 -2.791830599308013916e-01 -3.422585725784301758e-01 2.015564776957035065e-02 5.096858143806457520e-01 -4.292900860309600830e-02
-3.815325722098350525e-02 -2.791830599308013916e-01 6.931407451629638672e-01 1.920595765113830566e-02 -1.020200401544570923e-01 -5.036443844437599182e-02
4.992165565490722656e-01 -5.430612564086914062e-01 8.840758204460144043e-01 6.506197899580001831e-02 -6.914309263229370117e-01 -5.948732793331146240e-02
-3.068381547927856445e-01 -1.530493143945932388e-02 9.716338664293289185e-02 4.651696979999542236e-02 2.504292428493499756e-01 -2.022354677319526672e-02
2.305316329002380371e-01 2.485732138156890869e-01 -1.890803426504135132e-01 -8.804409205913543701e-02 -2.449505925178527832e-01 4.481859877705574036e-02
-3.815325722098350525e-02 -1.530493143945932388e-02 -3.631435036659240723e-01 -5.685980618000030518e-02 -1.097785457968711853e-01 6.977537646889686584e-03
-3.068381547927856445e-01 -1.530493143945932388e-02 -4.686822593212127686e-01 8.488427847623825073e-02 5.768773555755615234e-01 -1.040831301361322403e-02
-5.755230188369750977e-01 -1.530493143945932388e-02 -7.128340005874633789e-01 9.125433117151260376e-02 7.326702475547790527e-01 -1.586738415062427521e-02
-3.815325722098350525e-02 2.485732138156890869e-01 -8.107082247734069824e-01 -1.041800808161497116e-02 1.700635254383087158e-01 5.214919522404670715e-02
-3.068381547927856445e-01 -2.791830599308013916e-01 -4.068432450294494629e-01 -2.103614248335361481e-02 3.425681889057159424e-01 -2.492005750536918640e-02
-3.815325722098350525e-02 -1.530493143945932388e-02 -9.294843673706054688e-01 3.071296215057373047e-02 1.878215074539184570e-01 -8.160490542650222778e-03
4.992165565490722656e-01 -1.530493143945932388e-02 4.880330264568328857e-01 -7.568199187517166138e-02 -7.591667771339416504e-01 1.023601461201906204e-02
4.992165565490722656e-01 -2.791830599308013916e-01 7.508394122123718262e-01 -2.964183688163757324e-02 -6.598114967346191406e-01 -1.819772459566593170e-02
2.305316329002380371e-01 2.485732138156890869e-01 9.163349121809005737e-02 1.563177444040775299e-02 -2.519842386245727539e-01 3.316144645214080811e-02
-3.815325722098350525e-02 -1.530493143945932388e-02 3.826550245285034180e-01 -1.602079160511493683e-02 -8.515868335962295532e-02 1.037814468145370483e-02
-3.068381547927856445e-01 -2.791830599308013916e-01 -4.721172153949737549e-01 3.309398517012596130e-02 4.768417179584503174e-01 -2.958991006016731262e-02
-3.068381547927856445e-01 -1.530493143945932388e-02 2.045370787382125854e-01 -3.084366582334041595e-02 3.379351496696472168e-01 1.718701608479022980e-02
2.305316329002380371e-01 -5.430612564086914062e-01 5.308597683906555176e-01 8.302780240774154663e-02 -2.648149132728576660e-01 -7.590953260660171509e-02
-3.815325722098350525e-02 -1.530493143945932388e-02 -2.428744584321975708e-01 -5.130222812294960022e-02 1.220814231783151627e-02 6.300010252743959427e-03
-3.068381547927856445e-01 2.485732138156890869e-01 -8.917511701583862305e-01 3.726096823811531067e-03 4.768207371234893799e-01 4.364372044801712036e-02
-3.068381547927856445e-01 -1.530493143945932388e-02 -5.892137289047241211e-01 2.141834609210491180e-02 3.875407278537750244e-01 1.399975456297397614e-02
-3.815325722098350525e-02 -1.530493143945932388e-02 -8.201391100883483887e-01 -7.879079133272171021e-02 -5.024981126189231873e-02 1.694891252554953098e-03
-3.068381547927856445e-01 -1.530493143945932388e-02 1.368305981159210205e-01 -1.278484892100095749e-02 1.957995891571044922e-01 -1.674313913099467754e-03
2.305316329002380371e-01 -1.530493143945932388e-02 2.757542729377746582e-01 -8.921774476766586304e-02 -4.748087525367736816e-01 1.006499864161014557e-02
-3.815325722098350525e-02 2.485732138156890869e-01 5.898796319961547852e-01 -3.977734595537185669e-02 -4.122418165206909180e-02 4.711961373686790466e-02
-3.815325722098350525e-02 -1.530493143945932388e-02 -6.955770850181579590e-01 -3.759638592600822449e-02 1.858559250831604004e-01 -2.790557220578193665e-03
-3.815325722098350525e-02 -1.530493143945932388e-02 -7.750861644744873047e-01 2.327008917927742004e-02 -5.815333127975463867e-02 8.447189815342426300e-03
-3.815325722098350525e-02 -1.530493143945932388e-02 -2.186989188194274902e-01 3.885931149125099182e-02 6.412964314222335815e-02 2.246711775660514832e-02
-3.068381547927856445e-01 2.485732138156890869e-01 -3.345169126987457275e-02 2.798066288232803345e-02 5.053868889808654785e-01 2.745128609240055084e-02
-3.068381547927856445e-01 -5.430612564086914062e-01 -7.454642057418823242e-01 9.289640188217163086e-02 5.860490202903747559e-01 -8.551672101020812988e-02
2.305316329002380371e-01 -5.430612564086914062e-01 7.902314513921737671e-02 7.060927152633666992e-02 -2.368293702602386475e-01 -7.988960295915603638e-02
4.992165565490722656e-01 2.485732138156890869e-01 6.609524488449096680e-01 -4.395485389977693558e-03 -8.037005662918090820e-01 3.703972324728965759e-02
-3.068381547927856445e-01 2.485732138156890869e-01 2.459799051284790039e-01 -4.709668830037117004e-02 2.197284847497940063e-01 4.830726981163024902e-02
2.305316329002380371e-01 -2.791830599308013916e-01 -1.711512356996536255e-01 -1.697342656552791595e-02 -1.827092170715332031e-01 -3.163668140769004822e-02
2.305316329002380371e-01 2.485732138156890869e-01 2.048749476671218872e-01 3.114443086087703705e-02 -3.166621625423431396e-01 2.887684106826782227e-02
-3.815325722098350525e-02 2.485732138156890869e-01 -6.522741317749023438e-01 -6.448392570018768311e-02 1.228431519120931625e-02 1.499149017035961151e-02
-3.815325722098350525e-02 -2.791830599308013916e-01 -3.565112948417663574e-01 7.504722476005554199e-02 -1.245109885931015015e-01 -3.308760747313499451e-02
2.305316329002380371e-01 2.485732138156890869e-01 -3.779622316360473633e-01 1.524731237441301346e-02 -2.949671447277069092e-01 2.676092647016048431e-02
-3.815325722098350525e-02 2.485732138156890869e-01 3.319991230964660645e-01 -6.871701031923294067e-02 -8.659165352582931519e-02 4.793905094265937805e-02
-3.815325722098350525e-02 -2.791830599308013916e-01 -8.377830386161804199e-01 6.684757769107818604e-02 -5.986329168081283569e-02 -3.802929073572158813e-02
2.305316329002380371e-01 -1.530493143945932388e-02 3.846330940723419189e-01 6.270711123943328857e-02 -3.864803016185760498e-01 6.722704973071813583e-03
-5.755230188369750977e-01 -2.791830599308013916e-01 -8.136450648307800293e-01 1.614035922102630138e-03 7.135866284370422363e-01 -3.530977666378021240e-02
4.992165565490722656e-01 -1.530493143945932388e-02 5.857818722724914551e-01 -5.336852744221687317e-02 -6.577101349830627441e-01 1.206130627542734146e-02
-3.068381547927856445e-01 5.124513506889343262e-01 -7.166723608970642090e-01 -6.048836559057235718e-02 6.131699681282043457e-01 6.010865047574043274e-02
-3.815325722098350525e-02 5.124513506889343262e-01 -3.477773368358612061e-01 -6.993629038333892822e-02 -1.911913454532623291e-01 7.009997218847274780e-02
-3.815325722098350525e-02 5.124513506889343262e-01 3.724607825279235840e-01 -6.274558603763580322e-02 1.078058220446109772e-02 7.087734341621398926e-02
4.992165565490722656e-01 -1.530493143945932388e-02 9.229207634925842285e-01 -4.265714436769485474e-02 -7.118964791297912598e-01 1.075313426554203033e-02
-3.815325722098350525e-02 -1.530493143945932388e-02 -2.716148197650909424e-01 1.863712258636951447e-02 -7.967356592416763306e-02 -1.581311412155628204e-02
-3.815325722098350525e-02 -2.791830599308013916e-01 -3.201417922973632812e-01 -9.004198014736175537e-03 6.698684394359588623e-02 -2.540646493434906006e-02
-3.815325722098350525e-02 -5.430612564086914062e-01 -1.434254199266433716e-01 5.525232851505279541e-02 -6.517314165830612183e-02 -7.209557294845581055e-02
-3.815325722098350525e-02 5.124513506889343262e-01 -3.836642950773239136e-02 -8.577910810708999634e-02 -8.460590243339538574e-02 8.753339201211929321e-02
-3.815325722098350525e-02 -1.530493143945932388e-02 -6.189374253153800964e-02 -3.886922448873519897e-02 1.217912584543228149e-01 1.169170439243316650e-02
-3.068381547927856445e-01 -2.791830599308013916e-01 -1.643140614032745361e-02 8.802309632301330566e-02 3.072820603847503662e-01 -2.452812902629375458e-02
-3.068381547927856445e-01 5.124513506889343262e-01 -6.072046756744384766e-01 -5.621740594506263733e-02 4.279761016368865967e-01 6.813939660787582397e-02
-5.755230188369750977e-01 2.485732138156890869e-01 -9.872174859046936035e-01 -3.032136149704456329e-02 7.882848978042602539e-01 2.327785454690456390e-02
2.305316329002380371e-01 2.485732138156890869e-01 6.176084876060485840e-01 1.512315962463617325e-02 -2.928997278213500977e-01 3.398628905415534973e-02
-3.068381547927856445e-01 2.485732138156890869e-01 -7.846159338951110840e-01 -7.299707271158695221e-03 5.089149475097656250e-01 4.431445896625518799e-02
-5.755230188369750977e-01 -2.791830599308013916e-01 -6.608365178108215332e-01 5.670161545276641846e-02 6.692433357238769531e-01 -2.638039924204349518e-02
-3.815325722098350525e-02 2.485732138156890869e-01 3.359329998493194580e-01 1.011742372065782547e-02 1.643968224525451660e-01 2.677265554666519165e-02
-3.815325722098350525e-02 -2.791830599308013916e-01 1.574153751134872437e-01 8.022252470254898071e-02 8.507072180509567261e-02 -3.005226701498031616e-02
-3.815325722098350525e-02 -1.530493143945932388e-02 -1.870327144861221313e-01 4.678684473037719727e-02 1.666905134916305542e-01 -1.329984981566667557e-02
2.305316329002380371e-01 -1.530493143945932388e-02 -9.910992532968521118e-02 -4.744793474674224854e-02 -3.394655585289001465e-01 -9.001748636364936829e-03
2.305316329002380371e-01 5.124513506889343262e-01 5.355936884880065918e-01 -5.983047187328338623e-02 -1.434328556060791016e-01 7.318101078271865845e-02
-5.755230188369750977e-01 -1.530493143945932388e-02 -8.052713871002197266e-01 4.035648331046104431e-02 9.092971086502075195e-01 -1.498086750507354736e-02
-5.755230188369750977e-01 5.124513506889343262e-01 -5.055021643638610840e-01 -7.459307461977005005e-02 6.361171603202819824e-01 5.661746114492416382e-02
-3.815325722098350525e-02 -2.791830599308013916e-01 -1.293139755725860596e-01 -1.564962230622768402e-02 1.368381679058074951e-01 -3.461730107665061951e-02
-3.815325722098350525e-02 2.485732138156890869e-01 -2.276075184345245361e-01 -5.456961318850517273e-02 4.001889750361442566e-02 2.180705964565277100e-02
4.992165565490722656e-01 2.485732138156890869e-01 2.261710166931152344e-01 -5.420362576842308044e-02 -6.231155991554260254e-01 5.018959566950798035e-02
-3.815325722098350525e-02 -1.530493143945932388e-02 2.163328826427459717e-01 6.869218498468399048e-02 -7.189649157226085663e-03 -1.879265159368515015e-02
-3.815325722098350525e-02 5.124513506889343262e-01 3.651534318923950195e-01 -3.971353545784950256e-02 -6.324471533298492432e-02 6.650847941637039185e-02
-3.068381547927856445e-01 -1.530493143945932388e-02 -3.545944113284349442e-03 -3.325766697525978088e-02 2.504310905933380127e-01 1.004941575229167938e-02
4.992165565490722656e-01 -1.530493143945932388e-02 6.187185645103454590e-01 1.964672282338142395e-02 -4.905133545398712158e-01 1.960722543299198151e-02
-3.815325722098350525e-02 -5.430612564086914062e-01 4.117978513240814209e-01 7.843798398971557617e-02 3.481093049049377441e-02 -7.040823996067047119e-02
-3.068381547927856445e-01 5.124513506889343262e-01 1.887554526329040527e-01 -7.312049716711044312e-02 2.918950915336608887e-01 6.804227083921432495e-02
2.305316329002380371e-01 -1.530493143945932388e-02 8.714799880981445312e-01 5.895055364817380905e-03 -3.175663352012634277e-01 -1.375716831535100937e-02
-5.755230188369750977e-01 2.485732138156890869e-01 -7.713379263877868652e-01 -2.566553652286529541e-02 8.733847141265869141e-01 5.161785706877708435e-02
2.305316329002380371e-01 2.485732138156890869e-01 6.483192443847656250e-01 4.242660477757453918e-02 -3.120974600315093994e-01 2.482190541923046112e-02
4.992165565490722656e-01 -1.530493143945932388e-02 7.912964224815368652e-01 8.627936989068984985e-02 -8.892176747322082520e-01 1.982324058189988136e-03
2.305316329002380371e-01 -1.530493143945932388e-02 5.473848581314086914e-01 -3.971860185265541077e-02 -2.295074611902236938e-01 1.016253046691417694e-02
2.305316329002380371e-01 5.124513506889343262e-01 8.353021740913391113e-01 -4.374230653047561646e-02 -2.172255665063858032e-01 5.706309154629707336e-02
-3.068381547927856445e-01 -1.530493143945932388e-02 -7.779414057731628418e-01 4.511462524533271790e-02 4.411760568618774414e-01 3.990242257714271545e-03
2.305316329002380371e-01 -1.530493143945932388e-02 1.488440334796905518e-01 3.849242255091667175e-02 -4.135243892669677734e-01 1.558612752705812454e-02
-3.068381547927856445e-01 -1.530493143945932388e-02 -2.177699953317642212e-01 -4.910004511475563049e-02 5.282127261161804199e-01 2.683642785996198654e-03
2.305316329002380371e-01 -1.530493143945932388e-02 5.773323178291320801e-01 -7.345964014530181885e-02 -1.482177972793579102e-01 1.088958233594894409e-02
-3.815325722098350525e-02 2.485732138156890869e-01 4.545491635799407959e-01 -7.257322967052459717e-02 5.907287821173667908e-02 3.903431072831153870e-02
-3.815325722098350525e-02 2.485732138156890869e-01 -2.021293342113494873e-01 -3.943320736289024353e-02 2.124105207622051239e-02 3.556345403194427490e-02
2.305316329002380371e-01 -1.530493143945932388e-02 8.287518620491027832e-01 3.468156605958938599e-02 -3.363237679004669189e-01 1.153350342065095901e-02
-3.815325722098350525e-02 -1.530493143945932388e-02 -4.683054387569427490e-01 4.443723335862159729e-02 -1.345285475254058838e-01 -3.337878966704010963e-03
2.305316329002380371e-01 -2.791830599308013916e-01 8.044171333312988281e-01 6.157653033733367920e-02 -1.076267585158348083e-01 -3.062069788575172424e-02
-3.815325722098350525e-02 -2.791830599308013916e-01 -3.465634286403656006e-01 4.219863191246986389e-02 -1.154939830303192139e-01 -2.672884799540042877e-02
2.305316329002380371e-01 2.485732138156890869e-01 1.232452839612960815e-01 -8.896452188491821289e-02 -4.938359856605529785e-01 4.346017912030220032e-02
-3.815325722098350525e-02 -2.791830599308013916e-01 -4.534428417682647705e-01 4.194961860775947571e-02 3.547000512480735779e-02 -3.490072116255760193e-02
-3.815325722098350525e-02 2.485732138156890869e-01 -4.734170734882354736e-01 3.938487172126770020e-02 1.629036515951156616e-01 2.287543378770351410e-02
-3.815325722098350525e-02 2.485732138156890869e-01 5.638746619224548340e-01 -6.936071813106536865e-02 1.068446971476078033e-02 3.983367234468460083e-02
-3.815325722098350525e-02 -5.430612564086914062e-01 -8.653283119201660156e-01 8.474059402942657471e-02 -2.604195661842823029e-02 -6.758351624011993408e-02
-3.068381547927856445e-01 -2.791830599308013916e-01 -3.488098084926605225e-01 7.977456552907824516e-04 5.615906715393066406e-01 -2.433113381266593933e-02
-3.815325722098350525e-02 -1.530493143945932388e-02 -7.635064721107482910e-01 8.785749971866607666e-02 1.105634570121765137e-01 -1.167618110775947571e-02
2.305316329002380371e-01 -2.791830599308013916e-01 6.367400884628295898e-01 -4.354287311434745789e-02 -3.137903809547424316e-01 -2.189079485833644867e-02
-3.815325722098350525e-02 -1.530493143945932388e-02 -7.785690426826477051e-01 4.740655794739723206e-02 -1.300817728042602539e-02 2.192025072872638702e-02
2.305316329002380371e-01 -1.530493143945932388e-02 1.547609418630599976e-01 2.983275987207889557e-02 -3.162401020526885986e-01 1.200819946825504303e-02
-3.815325722098350525e-02 -2.791830599308013916e-01 7.725589442998170853e-03 5.136113986372947693e-02 1.548184454441070557e-01 -4.174285009503364563e-02
-3.815325722098350525e-02 -1.530493143945932388e-02 5.470339655876159668e-01 1.083296723663806915e-02 1.245148405432701111e-01 6.796337547712028027e-04
4.992165565490722656e-01 -1.530493143945932388e-02 8.875355124473571777e-01 3.935221210122108459e-02 -6.552130579948425293e-01 5.152965430170297623e-03
-5.755230188369750977e-01 5.124513506889343262e-01 -9.683546423912048340e-01 -6.164815649390220642e-02 7.201916575431823730e-01 6.573748588562011719e-02
-3.815325722098350525e-02 -2.791830599308013916e-01 3.193631172180175781e-01 -4.015361890196800232e-03 -3.445182368159294128e-02 -3.632573783397674561e-02
2.305316329002380371e-01 5.124513506889343262e-01 1.343063116073608398e-01 -3.495726734399795532e-02 -1.712900400161743164e-01 5.881217494606971741e-02
-3.815325722098350525e-02 -1.530493143945932388e-02 -2.621596753597259521e-01 4.271695390343666077e-02 -9.988915920257568359e-02 1.679207757115364075e-02
2.305316329002380371e-01 -1.530493143945932388e-02 6.771071553230285645e-01 -1.028253510594367981e-02 -2.552191317081451416e-01 1.291560754179954529e-02
-3.815325722098350525e-02 -2.791830599308013916e-01 7.378003001213073730e-01 6.454522162675857544e-02 -9.671273082494735718e-02 -4.459003731608390808e-02
-3.068381547927856445e-01 -1.530493143945932388e-02 -8.410999178886413574e-01 5.058290809392929077e-02 6.050257086753845215e-01 -2.418749732896685600e-03
-3.068381547927856445e-01 2.485732138156890869e-01 -3.113262355327606201e-01 -8.859617263078689575e-02 4.750291407108306885e-01 2.201030403375625610e-02
-3.815325722098350525e-02 2.485732138156890869e-01 -5.934048295021057129e-01 -3.672949597239494324e-02 -7.199540734291076660e-02 1.987841539084911346e-02
-3.068381547927856445e-01 -1.530493143945932388e-02 -8.095652461051940918e-01 -1.679615676403045654e-02 4.205197393894195557e-01 1.039474084973335266e-02
-3.815325722098350525e-02 2.485732138156890869e-01 -8.049883842468261719e-01 -8.766467869281768799e-02 -4.038623720407485962e-02 2.803938463330268860e-02
-5.755230188369750977e-01 -1.530493143945932388e-02 -7.867482900619506836e-01 6.959994882345199585e-02 6.447708010673522949e-01 -1.719301566481590271e-02
-3.068381547927856445e-01 -1.530493143945932388e-02 -2.108932584524154663e-01 -5.735092237591743469e-02 5.604176521301269531e-01 -4.798896610736846924e-03
-3.815325722098350525e-02 -1.530493143945932388e-02 6.795387268066406250e-01 5.311499908566474915e-02 8.860047161579132080e-02 1.634092256426811218e-02
4.992165565490722656e-01 2.485732138156890869e-01 6.547464728355407715e-01 2.048108261078596115e-03 -8.193601369857788086e-01 2.286186814308166504e-02
2.305316329002380371e-01 2.485732138156890869e-01 7.232220768928527832e-01 -5.383461713790893555e-02 -3.731605112552642822e-01 2.477837353944778442e-02
-3.068381547927856445e-01 -1.530493143945932388e-02 -3.919546604156494141e-01 -3.624297678470611572e-02 2.265330851078033447e-01 1.451706280931830406e-03
-3.815325722098350525e-02 -1.530493143945932388e-02 -5.887856334447860718e-02 -3.421857953071594238e-02 1.351722031831741333e-01 -1.040124520659446716e-02
2.305316329002380371e-01 -1.530493143945932388e-02 1.574920415878295898e-01 8.532089740037918091e-02 -4.300886094570159912e-01 -1.423021499067544937e-02
-3.815325722098350525e-02 -1.530493143945932388e-02 1.504644453525543213e-01 4.470621421933174133e-02 -1.441723257303237915e-01 2.280564233660697937e-02
-3.068381547927856445e-01 -1.530493143945932388e-02 -9.398498386144638062e-02 5.386915057897567749e-02 2.256150543689727783e-01 -1.067434437572956085e-02
-5.755230188369750977e-01 2.485732138156890869e-01 -4.417842626571655273e-01 3.761956840753555298e-02 6.815679073333740234e-01 2.664385922253131866e-02
-3.815325722098350525e-02 -1.530493143945932388e-02 8.483155816793441772e-02 4.377669095993041992e-02 1.110962927341461182e-01 1.466978993266820908e-02
4.992165565490722656e-01 -1.530493143945932388e-02 7.743422985076904297e-01 1.619875244796276093e-02 -5.765457749366760254e-01 -1.162002887576818466e-02
-5.755230188369750977e-01 -2.791830599308013916e-01 -8.512483835220336914e-01 1.438973564654588699e-02 7.556997537612915039e-01 -4.596647620201110840e-02
2.305316329002380371e-01 -1.530493143945932388e-02 7.227048873901367188e-01 -3.154848888516426086e-02 -1.832019239664077759e-01 -9.706481359899044037e-03
4.992165565490722656e-01 5.124513506889343262e-01 5.271957516670227051e-01 -6.975907087326049805e-02 -7.783285975456237793e-01 8.191576600074768066e-02
2.305316329002380371e-01 5.124513506889343262e-01 -3.090544976294040680e-02 -6.129965931177139282e-02 -3.016833066940307617e-01 6.978772580623626709e-02
2.305316329002380371e-01 -1.530493143945932388e-02 5.127634406089782715e-01 8.904682844877243042e-02 -2.550325691699981689e-01 -1.937868073582649231e-02
-5.755230188369750977e-01 2.485732138156890869e-01 -8.003552556037902832e-01 -6.664232909679412842e-02 6.804347634315490723e-01 4.678318277001380920e-02
-3.815325722098350525e-02 -5.430612564086914062e-01 -2.650295794010162354e-01 8.748678863048553467e-02 -1.254037618637084961e-01 -8.687736093997955322e-02
-3.815325722098350525e-02 2.485732138156890869e-01 1.978705525398254395e-01 -4.804367944598197937e-02 -5.691486224532127380e-02 5.103429406881332397e-02
2.305316329002380371e-01 -1.530493143945932388e-02 6.267091035842895508e-01 -2.257061004638671875e-02 -2.124661803245544434e-01 1.536690443754196167e-02
2.305316329002380371e-01 -1.530493143945932388e-02 7.400006055831909180e-01 -4.639352206140756607e-03 -2.505198419094085693e-01 6.740480661392211914e-03
4.992165565490722656e-01 -1.530493143945932388e-02 2.120073437690734863e-01 7.648574560880661011e-02 -5.684776306152343750e-01 -1.239319518208503723e-02
4.992165565490722656e-01 2.485732138156890869e-01 7.631662487983703613e-01 -5.247653275728225708e-02 -5.975001454353332520e-01 2.267229184508323669e-02
-3.815325722098350525e-02 -1.530493143945932388e-02 -1.474724560976028442e-01 7.593715935945510864e-02 9.446316957473754883e-02 -1.907201111316680908e-02
-5.755230188369750977e-01 -5.430612564086914062e-01 -4.521547257900238037e-01 5.816602706909179688e-02 6.067170500755310059e-01 -6.277567893266677856e-02
-5.755230188369750977e-01 -1.530493143945932388e-02 -8.276040554046630859e-01 -4.973046481609344482e-02 6.694864034652709961e-01 1.591081172227859497e-02
-3.815325722098350525e-02 5.124513506889343262e-01 -2.406880259513854980e-01 -6.036185845732688904e-02 -1.047580614686012268e-01 7.280876487493515015e-02
-3.068381547927856445e-01 2.485732138156890869e-01 -8.141292929649353027e-01 -3.667709231376647949e-02 3.230730891227722168e-01 2.130782417953014374e-02
-3.815325722098350525e-02 -1.530493143945932388e-02 5.849370360374450684e-01 5.863205716013908386e-02 8.575890958309173584e-02 -1.139303389936685562e-02
-3.068381547927856445e-01 -1.530493143945932388e-02 -1.452625393867492676e-01 9.209229797124862671e-02 4.329491257667541504e-01 -1.668090932071208954e-02
-3.068381547927856445e-01 -1.530493143945932388e-02 1.849850825965404510e-02 1.533898338675498962e-02 4.505699872970581055e-01 -8.365916088223457336e-03
2.305316329002380371e-01 -1.530493143945932388e-02 9.736493229866027832e-02 6.037656962871551514e-02 -4.265359342098236084e-01 -1.120647788047790527e-02
-3.815325722098350525e-02 -2.791830599308013916e-01 -9.943790733814239502e-02 3.546307981014251709e-02 1.681507378816604614e-01 -2.727706730365753174e-02
-3.815325722098350525e-02 2.485732138156890869e-01 4.451125860214233398e-01 -7.540329545736312866e-02 -3.040258213877677917e-02 2.085306867957115173e-02
2.305316329002380371e-01 -1.530493143945932388e-02 6.897054910659790039e-01 2.420105971395969391e-02 -2.341648936271667480e-01 -1.224642898887395859e-02
4.992165565490722656e-01 -2.791830599308013916e-01 6.645870804786682129e-01 -1.475715264678001404e-02 -6.316726803779602051e-01 -2.691360376775264740e-02
-3.815325722098350525e-02 2.485732138156890869e-01 -1.923619806766510010e-01 -3.319110348820686340e-02 1.407573074102401733e-01 4.562748596072196960e-02
-3.815325722098350525e-02 5.124513506889343262e-01 -3.704873323440551758e-01 -6.623088568449020386e-02 -6.950847059488296509e-02 8.135744929313659668e-02
-3.815325722098350525e-02 2.485732138156890869e-01 2.825200259685516357e-01 -5.069175735116004944e-02 1.623181998729705811e-01 4.677231982350349426e-02
-5.755230188369750977e-01 -2.791830599308013916e-01 -6.883385181427001953e-01 -3.190981969237327576e-02 7.537953853607177734e-01 -2.455835603177547455e-02
-3.815325722098350525e-02 2.485732138156890869e-01 6.712424755096435547e-01 -8.874323219060897827e-02 6.396418064832687378e-02 3.424124792218208313e-02
-3.068381547927856445e-01 -1.530493143945932388e-02 -7.662268877029418945e-01 2.091170288622379303e-02 2.836816310882568359e-01 4.809829872101545334e-03
-3.068381547927856445e-01 -1.530493143945932388e-02 3.409318327903747559e-01 1.857598870992660522e-02 2.481766343116760254e-01 -1.464013848453760147e-02
2.305316329002380371e-01 2.485732138156890869e-01 5.167996287345886230e-01 -6.909759342670440674e-02 -2.183171212673187256e-01 3.024584427475929260e-02
-3.815325722098350525e-02 5.124513506889343262e-01 8.003351688385009766e-01 -4.248770698904991150e-02 6.667125225067138672e-02 6.140346825122833252e-02
2.305316329002380371e-01 -1.530493143945932388e-02 3.459417819976806641e-01 6.151106208562850952e-02 -3.639173507690429688e-01 -7.811380084604024887e-03
-3.068381547927856445e-01 2.485732138156890869e-01 -8.380377292633056641e-01 7.503527216613292694e-03 5.995165705680847168e-01 3.672628477215766907e-02
-3.068381547927856445e-01 -2.791830599308013916e-01 -4.694374501705169678e-01 1.351847033947706223e-02 4.765898883342742920e-01 -2.847213670611381531e-02
-3.068381547927856445e-01 -2.791830599308013916e-01 -9.696882367134094238e-01 1.111773587763309479e-02 4.759402573108673096e-01 -2.828578464686870575e-02
-3.815325722098350525e-02 -1.530493143945932388e-02 -8.956484496593475342e-02 8.170118927955627441e-02 5.449277535080909729e-02 -7.096823770552873611e-03
-3.068381547927856445e-01 2.485732138156890869e-01 -3.069184422492980957e-01 3.127534687519073486e-02 2.535680532455444336e-01 3.165039792656898499e-02
4.992165565490722656e-01 -2.791830599308013916e-01 3.428629040718078613e-01 6.261944770812988281e-02 -5.722302794456481934e-01 -5.676921084523200989e-02
-5.755230188369750977e-01 -1.530493143945932388e-02 -2.147869616746902466e-01 -2.603140845894813538e-02 5.922635793685913086e-01 4.382760263979434967e-03
-3.815325722098350525e-02 -5.430612564086914062e-01 6.776973009109497070e-01 6.257066130638122559e-02 5.952309072017669678e-02 -6.581061333417892456e-02
-3.068381547927856445e-01 2.485732138156890869e-01 -1.463095396757125854e-01 2.210443140938878059e-03 4.328612089157104492e-01 3.200964629650115967e-02
-3.815325722098350525e-02 2.485732138156890869e-01 4.062766134738922119e-01 -3.817024827003479004e-02 1.095065176486968994e-01 2.996322698891162872e-02
4.992165565490722656e-01 2.485732138156890869e-01 7.156371474266052246e-01 1.359426975250244141e-02 -7.068926692008972168e-01 3.794296085834503174e-02
2.305316329002380371e-01 -2.791830599308013916e-01 3.113209903240203857e-01 3.299693763256072998e-02 -5.122958421707153320e-01 -5.096698179841041565e-02
2.305316329002380371e-01 -1.530493143945932388e-02 1.577476859092712402e-01 -5.004753544926643372e-02 -3.778801560401916504e-01 7.276762276887893677e-03
2.305316329002380371e-01 -2.791830599308013916e-01 -1.572670042514801025e-01 1.303221099078655243e-02 -4.185910224914550781e-01 -1.985314115881919861e-02
-3.068381547927856445e-01 -1.530493143945932388e-02 2.498872131109237671e-01 -2.292083948850631714e-02 2.348172962665557861e-01 -8.009907905943691730e-04
2.305316329002380371e-01 2.485732138156890869e-01 9.333489835262298584e-02 7.650557439774274826e-03 -2.994890809059143066e-01 2.197428047657012939e-02
-3.068381547927856445e-01 2.485732138156890869e-01 -8.474565744400024414e-01 2.838511392474174500e-02 5.089345574378967285e-01 2.931320481002330780e-02
-3.068381547927856445e-01 -1.530493143945932388e-02 1.926420480012893677e-01 8.285287767648696899e-02 3.071476519107818604e-01 -1.113632810302078724e-03
-3.068381547927856445e-01 2.485732138156890869e-01 -5.425217151641845703e-01 -1.622101990506052971e-04 3.206611871719360352e-01 3.738066554069519043e-02
-3.815325722098350525e-02 5.124513506889343262e-01 5.653693079948425293e-01 -8.893705904483795166e-02 1.066907271742820740e-01 5.068816989660263062e-02
-3.815325722098350525e-02 -2.791830599308013916e-01 -5.141699314117431641e-01 1.541011966764926910e-02 9.886533021926879883e-02 -2.042524889111518860e-02
2.305316329002380371e-01 -1.530493143945932388e-02 3.269755542278289795e-01 -6.452098023146390915e-03 -1.719730943441390991e-01 9.447770193219184875e-03
-3.068381547927856445e-01 2.485732138156890869e-01 -5.290498733520507812e-01 -8.908025920391082764e-02 4.064562618732452393e-01 3.185893595218658447e-02
2.305316329002380371e-01 2.485732138156890869e-01 4.194174110889434814e-01 3.035300411283969879e-02 -4.151303768157958984e-01 2.740631252527236938e-02
-5.755230188369750977e-01 -2.791830599308013916e-01 -9.613105654716491699e-01 1.245593884959816933e-03 6.974182128906250000e-01 -3.344053775072097778e-02
-3.815325722098350525e-02 2.485732138156890869e-01 -3.089255988597869873e-01 -3.288549929857254028e-02 -4.301382228732109070e-03 4.257807135581970215e-02
4.992165565490722656e-01 -1.530493143945932388e-02 7.693116068840026855e-01 5.723172333091497421e-03 -8.523583412170410156e-01 5.281759076751768589e-04
-5.755230188369750977e-01 5.124513506889343262e-01 -8.665096163749694824e-01 -5.674799159169197083e-02 7.802490592002868652e-01 6.116511300206184387e-02
2.305316329002380371e-01 -2.791830599308013916e-01 3.565326035022735596e-01 3.465784341096878052e-02 -4.509294033050537109e-01 -3.119404800236225128e-02
-3.068381547927856445e-01 -1.530493143945932388e-02 7.007467001676559448e-02 6.500929594039916992e-02 2.302848994731903076e-01 1.470714434981346130e-02
-3.068381547927856445e-01 5.124513506889343262e-01 -6.162851676344871521e-02 -8.576817810535430908e-02 3.629517853260040283e-01 7.358344644308090210e-02
-3.068381547927856445e-01 -1.530493143945932388e-02 -1.090717092156410217e-01 1.323880627751350403e-02 3.894793391227722168e-01 3.104333067312836647e-03
-3.068381547927856445e-01 -1.530493143945932388e-02 -5.761184096336364746e-01 -4.702212288975715637e-03 3.528554737567901611e-01 4.465394886210560799e-04
2.305316329002380371e-01 5.124513506889343262e-01 5.864455699920654297e-01 -1.755569130182266235e-02 -3.150479495525360107e-01 5.745595321059226990e-02
-3.815325722098350525e-02 2.485732138156890869e-01 -3.404990434646606445e-01 -4.260965436697006226e-02 -1.077346652746200562e-01 1.695319823920726776e-02
-3.815325722098350525e-02 2.485732138156890869e-01 -3.475782573223114014e-01 -5.745976790785789490e-02 1.424075216054916382e-01 4.805885255336761475e-02
-3.815325722098350525e-02 2.485732138156890869e-01 -6.381098031997680664e-01 -5.700050387531518936e-04 1.530944555997848511e-01 2.775948122143745422e-02
2.305316329002380371e-01 5.124513506889343262e-01 3.043657243251800537e-01 -3.862181678414344788e-02 -4.934144914150238037e-01 6.094785779714584351e-02
-5.755230188369750977e-01 -1.530493143945932388e-02 -8.396067023277282715e-01 4.067504033446311951e-02 8.956111669540405273e-01 1.697029173374176025e-02
-3.815325722098350525e-02 -2.791830599308013916e-01 -5.525753498077392578e-01 5.407353863120079041e-02 3.994739428162574768e-02 -2.084470912814140320e-02
2.305316329002380371e-01 -5.430612564086914062e-01 1.602661013603210449e-01 5.838029459118843079e-02 -3.001933693885803223e-01 -7.146706432104110718e-02
2.305316329002380371e-01 2.485732138156890869e-01 3.867561519145965576e-01 3.448005020618438721e-02 -3.393146395683288574e-01 2.476734854280948639e-02
-3.815325722098350525e-02 2.485732138156890869e-01 1.495574861764907837e-01 -2.531997673213481903e-02 -1.310333013534545898e-01 4.407534375786781311e-02
-3.815325722098350525e-02 -1.530493143945932388e-02 7.946800589561462402e-01 2.040426060557365417e-02 -1.536432001739740372e-02 -1.393443532288074493e-02
-3.815325722098350525e-02 -5.430612564086914062e-01 -3.045190572738647461e-01 7.208693772554397583e-02 1.326705217361450195e-01 -7.099153101444244385e-02
4.992165565490722656e-01 -1.530493143945932388e-02 8.972502946853637695e-01 6.349844485521316528e-02 -5.922189354896545410e-01 -2.076663263142108917e-02
-3.815325722098350525e-02 -1.530493143945932388e-02 -8.247850537300109863e-01 6.504619121551513672e-02 2.600248157978057861e-01 -1.894138753414154053e-02
-5.755230188369750977e-01 2.485732138156890869e-01 -8.738846778869628906e-01 8.523051626980304718e-03 6.769345402717590332e-01 2.924683876335620880e-02
2.305316329002380371e-01 5.124513506889343262e-01 2.675229609012603760e-01 -7.155581563711166382e-02 -3.444527089595794678e-01 6.962593644857406616e-02
-3.068381547927856445e-01 -1.530493143945932388e-02 -5.927992463111877441e-01 -7.485671341419219971e-02 5.958841443061828613e-01 4.347856622189283371e-03
2.305316329002380371e-01 -1.530493143945932388e-02 -3.601413071155548096e-01 -1.179296895861625671e-02 -2.912496030330657959e-01 -1.886603189632296562e-03
-3.068381547927856445e-01 -1.530493143945932388e-02 8.960719406604766846e-02 5.656066164374351501e-02 4.468990862369537354e-01 -3.455608675722032785e-04
-5.755230188369750977e-01 5.124513506889343262e-01 -8.218162059783935547e-01 -7.679942995309829712e-02 8.582646250724792480e-01 6.868161261081695557e-02
-3.815325722098350525e-02 -2.791830599308013916e-01 3.304624557495117188e-01 7.913652807474136353e-02 -5.225813016295433044e-02 -4.654095694422721863e-02
-3.815325722098350525e-02 -2.791830599308013916e-01 3.010389395058155060e-02 2.310676872730255127e-02 -1.292763799428939819e-01 -2.614413388073444366e-02
4.992165565490722656e-01 -1.530493143945932388e-02 8.382898569107055664e-01 -5.524656269699335098e-03 -5.953514575958251953e-01 2.170335967093706131e-03
-3.068381547927856445e-01 -2.791830599308013916e-01 -3.343033194541931152e-01 6.437163054943084717e-02 3.519523143768310547e-01 -3.579304367303848267e-02
-5.755230188369750977e-01 -2.791830599308013916e-01 -5.134104490280151367e-01 5.048046633601188660e-02 6.979635357856750488e-01 -2.925314567983150482e-02
-3.068381547927856445e-01 -2.791830599308013916e-01 -4.616064429283142090e-01 7.008777558803558350e-02 3.350965678691864014e-01 -5.693018436431884766e-02
-3.068381547927856445e-01 -1.530493143945932388e-02 -1.524045020341873169e-01 -4.760848823934793472e-03 2.235255688428878784e-01 8.975181728601455688e-03
2.305316329002380371e-01 2.485732138156890869e-01 6.238762736320495605e-01 1.512035029008984566e-03 -4.586692452430725098e-01 2.984962426126003265e-02
2.305316329002380371e-01 2.485732138156890869e-01 7.578808665275573730e-01 -6.664650887250900269e-02 -4.479206502437591553e-01 3.839328885078430176e-02
-3.068381547927856445e-01 -1.530493143945932388e-02 -1.001220107078552246e+00 8.232430368661880493e-02 3.100329041481018066e-01 2.022686647251248360e-03
-3.815325722098350525e-02 -1.530493143945932388e-02 -4.537479281425476074e-01 5.597127228975296021e-02 -9.603195637464523315e-02 1.291201077401638031e-02
2.305316329002380371e-01 -2.791830599308013916e-01 -4.917149841785430908e-01 2.557758614420890808e-02 -2.174682766199111938e-01 -3.866084292531013489e-02
-5.755230188369750977e-01 -1.530493143945932388e-02 -9.824291467666625977e-01 -7.430337369441986084e-02 6.837719678878784180e-01 4.894508980214595795e-03
4.992165565490722656e-01 5.124513506889343262e-01 6.192486882209777832e-01 -6.795052438974380493e-02 -6.806558370590209961e-01 5.957083404064178467e-02
-3.815325722098350525e-02 2.485732138156890869e-01 -1.809479445219039917e-01 7.068872917443513870e-03 -1.591855473816394806e-02 3.778110817074775696e-02
-3.068381547927856445e-01 -2.791830599308013916e-01 -8.380791544914245605e-01 -1.442139091523131356e-05 5.365259647369384766e-01 -3.376732766628265381e-02
4.992165565490722656e-01 -1.530493143945932388e-02 8.793394565582275391e-01 -6.045529991388320923e-02 -7.132452130317687988e-01 -8.545269258320331573e-03
-3.815325722098350525e-02 2.485732138156890869e-01 -6.293081641197204590e-01 -8.193378150463104248e-02 1.784479618072509766e-01 3.024783916771411896e-02
2.305316329002380371e-01 2.485732138156890869e-01 2.805635929107666016e-01 -4.357237741351127625e-02 -4.250656664371490479e-01 4.724427685141563416e-02
-3.068381547927856445e-01 5.124513506889343262e-01 2.385547757148742676e-01 -4.156401008367538452e-02 2.870660424232482910e-01 5.347429215908050537e-02
-3.068381547927856445e-01 2.485732138156890869e-01 -6.921890974044799805e-01 2.362048719078302383e-03 5.554366707801818848e-01 3.643070161342620850e-02
4.992165565490722656e-01 -1.530493143945932388e-02 7.434077858924865723e-01 4.371303319931030273e-02 -5.515522360801696777e-01 1.388238836079835892e-02
2.305316329002380371e-01 2.485732138156890869e-01 -2.790912427008152008e-02 -1.175588462501764297e-02 -3.452046215534210205e-01 2.565906755626201630e-02
2.305316329002380371e-01 -1.530493143945932388e-02 1.813260018825531006e-01 -2.237971499562263489e-02 -3.758214116096496582e-01 2.096754265949130058e-03
-5.755230188369750977e-01 -1.530493143945932388e-02 -6.134526729583740234e-01 7.255375385284423828e-02 7.109182476997375488e-01 -9.401696152053773403e-04
-3.068381547927856445e-01 -1.530493143945932388e-02 -6.076968312263488770e-01 -3.927688300609588623e-02 4.745626449584960938e-01 4.656599368900060654e-03
-3.068381547927856445e-01 2.485732138156890869e-01 -3.924464583396911621e-01 -3.114727325737476349e-02 4.894466698169708252e-01 4.618538543581962585e-02
4.992165565490722656e-01 -2.791830599308013916e-01 9.145417213439941406e-01 -4.678329825401306152e-02 -6.607466340065002441e-01 -1.929300092160701752e-02
-3.815325722098350525e-02 -2.791830599308013916e-01 -9.768586158752441406e-01 3.277043625712394714e-02 2.877659164369106293e-02 -5.027372762560844421e-02
-3.815325722098350525e-02 -2.791830599308013916e-01 4.637632071971893311e-01 1.849482581019401550e-02 -1.095482381060719490e-03 -4.400850087404251099e-02
2.305316329002380371e-01 -1.530493143945932388e-02 -9.448607265949249268e-02 8.504048734903335571e-02 -3.507938385009765625e-01 -2.287625102326273918e-03
-3.815325722098350525e-02 -1.530493143945932388e-02 -7.839881181716918945e-01 -5.412058904767036438e-02 2.482091337442398071e-01 4.438098054379224777e-03
-5.755230188369750977e-01 2.485732138156890869e-01 -9.729729294776916504e-01 -7.234574854373931885e-02 8.966327905654907227e-01 2.639009058475494385e-02
-3.815325722098350525e-02 -2.791830599308013916e-01 -5.016041398048400879e-01 2.978142118081450462e-03 6.874378025531768799e-02 -3.963595256209373474e-02
-5.755230188369750977e-01 5.124513506889343262e-01 -8.345904350280761719e-01 -7.889597862958908081e-02 7.050458192825317383e-01 6.895396113395690918e-02
-3.068381547927856445e-01 5.124513506889343262e-01 -2.789119482040405273e-01 -7.763665169477462769e-02 4.258749783039093018e-01 6.059047207236289978e-02
-3.815325722098350525e-02 2.485732138156890869e-01 -4.233386218547821045e-01 4.747888073325157166e-03 -5.609572678804397583e-02 3.857854008674621582e-02
-3.068381547927856445e-01 -2.791830599308013916e-01 -9.894469976425170898e-01 4.436480253934860229e-02 4.473077356815338135e-01 -5.609007179737091064e-02
2.305316329002380371e-01 -2.791830599308013916e-01 2.860647439956665039e-01 -1.282837009057402611e-03 -1.772814840078353882e-01 -2.651394717395305634e-02
-3.815325722098350525e-02 5.124513506889343262e-01 -2.474371045827865601e-01 -8.679901808500289917e-02 -1.422646641731262207e-01 6.743123382329940796e-02
-3.068381547927856445e-01 -2.791830599308013916e-01 -2.781332731246948242e-01 3.997470811009407043e-02 2.410843521356582642e-01 -3.617382794618606567e-02
-3.815325722098350525e-02 2.485732138156890869e-01 -4.585544764995574951e-01 -1.072162669152021408e-02 1.057201176881790161e-01 5.051268637180328369e-02
-3.815325722098350525e-02 -1.530493143945932388e-02 3.128879070281982422e-01 1.846552267670631409e-02 -5.025765299797058105e-02 2.072944119572639465e-02
4.992165565490722656e-01 2.485732138156890869e-01 7.320679426193237305e-01 1.688014157116413116e-02 -5.135408043861389160e-01 2.303909324109554291e-02
4.992165565490722656e-01 5.124513506889343262e-01 6.812487840652465820e-01 -7.002525031566619873e-02 -5.674636363983154297e-01 5.213620886206626892e-02
-3.068381547927856445e-01 -2.791830599308013916e-01 -4.305084049701690674e-01 6.013507023453712463e-03 5.111615061759948730e-01 -3.066377528011798859e-02
-3.068381547927856445e-01 2.485732138156890869e-01 1.281297355890274048e-01 -8.261623233556747437e-02 3.236464560031890869e-01 5.003750324249267578e-02
-5.755230188369750977e-01 -1.530493143945932388e-02 -4.826923012733459473e-01 2.807095274329185486e-02 6.805135011672973633e-01 1.167487259954214096e-02
-3.068381547927856445e-01 -1.530493143945932388e-02 -1.008254647254943848e+00 -6.660216301679611206e-02 5.450635552406311035e-01 7.256519980728626251e-03
2.305316329002380371e-01 -2.791830599308013916e-01 3.725630939006805420e-01 1.571938022971153259e-02 -2.363591045141220093e-01 -4.874267429113388062e-02
2.305316329002380371e-01 -5.430612564086914062e-01 4.222486615180969238e-01 5.150052532553672791e-02 -3.217468261718750000e-01 -5.831062048673629761e-02
-3.815325722098350525e-02 -1.530493143945932388e-02 -2.232720702886581421e-01 -4.981848970055580139e-02 1.244792342185974121e-01 1.287852227687835693e-02
-3.815325722098350525e-02 2.485732138156890869e-01 6.747708320617675781e-01 -8.863096684217453003e-02 -2.129107154905796051e-02 1.765876635909080505e-02
-5.755230188369750977e-01 -2.791830599308013916e-01 -7.578716278076171875e-01 1.201675622723996639e-03 8.154825568199157715e-01 -3.605952858924865723e-02
2.305316329002380371e-01 5.124513506889343262e-01 7.036462426185607910e-02 -6.946415454149246216e-02 -2.874026000499725342e-01 8.452775329351425171e-02
-3.068381547927856445e-01 -1.530493143945932388e-02 1.701759546995162964e-01 2.114014327526092529e-02 2.675716578960418701e-01 -1.379698794335126877e-02
-3.068381547927856445e-01 -2.791830599308013916e-01 -3.537121713161468506e-01 5.395289137959480286e-02 4.515113532543182373e-01 -2.433154545724391937e-02
2.305316329002380371e-01 -1.530493143945932388e-02 4.759889841079711914e-01 5.296391248703002930e-02 -4.084274172782897949e-01 -1.148188952356576920e-02
4.992165565490722656e-01 2.485732138156890869e-01 5.804560184478759766e-01 -3.619138523936271667e-02 -7.987507581710815430e-01 4.588535428047180176e-02
2.305316329002380371e-01 -1.530493143945932388e-02 4.336558878421783447e-01 -5.749634280800819397e-02 -1.596869528293609619e-01 5.067002959549427032e-03
-3.068381547927856445e-01 -2.791830599308013916e-01 5.028229951858520508e-01 3.579655662178993225e-02 1.954631060361862183e-01 -1.947409845888614655e-02
-3.068381547927856445e-01 5.124513506889343262e-01 -6.050912141799926758e-01 -8.684549480676651001e-02 4.256830811500549316e-01 8.188420534133911133e-02
-3.815325722098350525e-02 -2.791830599308013916e-01 -8.218763768672943115e-02 -4.114505834877490997e-03 -1.039884537458419800e-01 -3.995894268155097961e-02
-3.815325722098350525e-02 -5.430612564086914062e-01 2.998364530503749847e-02 6.003484129905700684e-02 -3.411845862865447998e-02 -5.830298364162445068e-02
-3.815325722098350525e-02 -2.791830599308013916e-01 -1.027226448059082031e-01 8.736446499824523926e-02 1.599584966897964478e-01 -2.463558875024318695e-02
-3.068381547927856445e-01 -1.530493143945932388e-02 2.063383460044860840e-01 -3.897214680910110474e-02 1.845286339521408081e-01 -5.693975836038589478e-04
-3.068381547927856445e-01 2.485732138156890869e-01 -4.327350258827209473e-01 3.598769754171371460e-02 2.386060506105422974e-01 2.403537370264530182e-02
-3.815325722098350525e-02 -1.530493143945932388e-02 3.778985440731048584e-01 5.510307103395462036e-02 2.099275961518287659e-02 -2.462346572428941727e-03
-3.815325722098350525e-02 -1.530493143945932388e-02 -6.395391821861267090e-01 2.190688438713550568e-02 -5.425750464200973511e-02 -1.160538662225008011e-02
2.305316329002380371e-01 -1.530493143945932388e-02 3.227591216564178467e-01 -7.502125203609466553e-02 -2.812944054603576660e-01 5.481061525642871857e-03
-3.068381547927856445e-01 -2.791830599308013916e-01 -3.873082399368286133e-01 -5.546301836147904396e-04 5.450924038887023926e-01 -3.991461172699928284e-02
-3.815325722098350525e-02 2.485732138156890869e-01 -4.250088036060333252e-01 3.693952038884162903e-02 -1.658326238393783569e-01 2.485107071697711945e-02
-3.815325722098350525e-02 2.485732138156890869e-01 -9.471386671066284180e-01 -8.454308658838272095e-02 1.283920258283615112e-01 1.491368468850851059e-02
4.992165565490722656e-01 5.124513506889343262e-01 6.995540857315063477e-01 -7.834963500499725342e-02 -6.455509066581726074e-01 5.472990125417709351e-02
4.992165565490722656e-01 -2.791830599308013916e-01 9.309492707252502441e-01 7.868982851505279541e-02 -6.264535784721374512e-01 -4.721683636307716370e-02
-3.068381547927856445e-01 2.485732138156890869e-01 -4.290264844894409180e-01 -3.415013849735260010e-02 3.104426264762878418e-01 5.174758285284042358e-02
-5.755230188369750977e-01 -2.791830599308013916e-01 -9.484162926673889160e-01 -6.380447186529636383e-03 7.143737077713012695e-01 -3.828736394643783569e-02
-5.755230188369750977e-01 -1.530493143945932388e-02 -9.508360624313354492e-01 4.162803292274475098e-02 6.738017201423645020e-01 2.072353288531303406e-02
-5.755230188369750977e-01 -2.791830599308013916e-01 -6.792731881141662598e-01 7.296250760555267334e-02 6.951892971992492676e-01 -5.359430238604545593e-02
4.992165565490722656e-01 5.124513506889343262e-01 8.812996149063110352e-01 -5.927598103880882263e-02 -8.188394904136657715e-01 7.206995040178298950e-02
-3.068381547927856445e-01 -2.791830599308013916e-01 4.246526956558227539e-01 2.437636815011501312e-02 1.693440973758697510e-01 -5.309854075312614441e-02
-3.068381547927856445e-01 -2.791830599308013916e-01 -4.179345369338989258e-01 -1.967928372323513031e-02 5.196586847305297852e-01 -1.599201746284961700e-02
4.992165565490722656e-01 2.485732138156890869e-01 7.256919741630554199e-01 2.565856790170073509e-03 -5.655926465988159180e-01 3.127703443169593811e-02
-3.815325722098350525e-02 -1.530493143945932388e-02 -3.179664909839630127e-01 -1.582148671150207520e-02 9.929674118757247925e-02 1.362722087651491165e-02
-3.068381547927856445e-01 5.124513506889343262e-01 -6.571851670742034912e-02 -5.709373578429222107e-02 4.849503338336944580e-01 6.020449474453926086e-02
-3.068381547927856445e-01 -2.791830599308013916e-01 -1.819658875465393066e-01 3.091184422373771667e-02 2.262761741876602173e-01 -2.173220925033092499e-02
4.992165565490722656e-01 -2.791830599308013916e-01 6.380146145820617676e-01 6.467841565608978271e-02 -5.646702647209167480e-01 -2.574764937162399292e-02
-3.815325722098350525e-02 2.485732138156890869e-01 -6.395156979560852051e-01 -1.440195366740226746e-02 2.450298890471458435e-02 3.220169246196746826e-02
-3.068381547927856445e-01 2.485732138156890869e-01 2.111615799367427826e-02 -5.740017071366310120e-02 2.669830620288848877e-01 4.791767522692680359e-02
2.305316329002380371e-01 2.485732138156890869e-01 -3.020930476486682892e-02 2.514714375138282776e-02 -2.544842660427093506e-01 3.409583494067192078e-02
-5.755230188369750977e-01 -1.530493143945932388e-02 -9.648759365081787109e-01 -3.030300326645374298e-02 6.426563858985900879e-01 7.255828473716974258e-03
2.305316329002380371e-01 -2.791830599308013916e-01 6.653636097908020020e-01 -2.937124110758304596e-02 -1.176051869988441467e-01 -2.652020007371902466e-02
-3.815325722098350525e-02 -2.791830599308013916e-01 6.292562484741210938e-01 3.542805090546607971e-02 -5.960058420896530151e-02 -5.261011421680450439e-02
-3.068381547927856445e-01 -2.791830599308013916e-01 -8.503400683403015137e-01 8.286426216363906860e-02 5.818289518356323242e-01 -4.976454004645347595e-02
-3.815325722098350525e-02 -2.791830599308013916e-01 -1.605134010314941406e-01 2.991203218698501587e-02 1.496877055615186691e-02 -2.242144756019115448e-02
2.305316329002380371e-01 2.485732138156890869e-01 -2.513135038316249847e-02 -3.378628566861152649e-02 -1.766328662633895874e-01 5.060037970542907715e-02
7.679014801979064941e-01 -1.530493143945932388e-02 8.318641185760498047e-01 -2.420335076749324799e-02 -8.992802500724792480e-01 3.893516259267926216e-03
2.305316329002380371e-01 2.485732138156890869e-01 9.106099605560302734e-02 -4.593699425458908081e-02 -2.657988667488098145e-01 4.573504626750946045e-02
-3.068381547927856445e-01 2.485732138156890869e-01 2.643343508243560791e-01 1.393091119825839996e-02 1.785235106945037842e-01 4.027874022722244263e-02
4.992165565490722656e-01 2.485732138156890869e-01 6.777291297912597656e-01 -2.500381134450435638e-02 -7.630215287208557129e-01 3.620706871151924133e-02
-3.815325722098350525e-02 2.485732138156890869e-01 -1.879761517047882080e-01 -1.713400520384311676e-02 3.216636553406715393e-02 3.187798708677291870e-02
-3.815325722098350525e-02 2.485732138156890869e-01 -5.601268634200096130e-02 -6.431698054075241089e-02 9.062850475311279297e-02 4.508555307984352112e-02
-3.815325722098350525e-02 -5.430612564086914062e-01 -1.004576206207275391e+00 4.368683695793151855e-02 2.240151762962341309e-01 -5.733039975166320801e-02
2.305316329002380371e-01 -1.530493143945932388e-02 5.921615362167358398e-01 7.519764453172683716e-02 -4.628740549087524414e-01 5.805322434753179550e-03
2.305316329002380371e-01 2.485732138156890869e-01 3.828479051589965820e-01 -3.291087225079536438e-02 -3.668909370899200439e-01 3.778050467371940613e-02
2.305316329002380371e-01 -1.530493143945932388e-02 7.318348288536071777e-01 5.476136878132820129e-02 -1.868524998426437378e-01 -3.751432232093065977e-04
-3.815325722098350525e-02 5.124513506889343262e-01 5.734952092170715332e-01 -7.204992324113845825e-02 -2.240153029561042786e-02 5.334420874714851379e-02
-3.815325722098350525e-02 5.124513506889343262e-01 -8.969956040382385254e-01 -3.662636503577232361e-02 1.097586005926132202e-01 5.556307733058929443e-02
-3.815325722098350525e-02 2.485732138156890869e-01 -8.949627876281738281e-01 -5.405707284808158875e-02 1.535621732473373413e-01 1.768511347472667694e-02
-3.815325722098350525e-02 -1.530493143945932388e-02 -9.075785279273986816e-01 -3.839033469557762146e-02 7.774018496274948120e-02 -1.279897522181272507e-02
-3.815325722098350525e-02 -1.530493143945932388e-02 -6.691794395446777344e-01 1.163895474746823311e-03 1.137912422418594360e-01 1.881837099790573120e-02
-3.815325722098350525e-02 -1.530493143945932388e-02 -7.293326258659362793e-01 -7.013448327779769897e-02 1.524903923273086548e-01 -5.090532824397087097e-03
2.305316329002380371e-01 2.485732138156890869e-01 -3.488187789916992188e-01 -5.920320749282836914e-03 -2.062568813562393188e-01 4.637318849563598633e-02
-3.815325722098350525e-02 -2.791830599308013916e-01 5.585485100746154785e-01 -3.799560945481061935e-03 1.105751991271972656e-01 -2.142077311873435974e-02
2.305316329002380371e-01 -2.791830599308013916e-01 -4.595937430858612061e-01 -4.260793328285217285e-02 -2.702499628067016602e-01 -1.882787607610225677e-02
-3.815325722098350525e-02 -1.530493143945932388e-02 -8.646499514579772949e-01 -2.038646675646305084e-02 2.236964702606201172e-01 5.203072912991046906e-03
2.305316329002380371e-01 2.485732138156890869e-01 4.085180461406707764e-01 -1.934863626956939697e-02 -4.098978936672210693e-01 2.037952840328216553e-02
-3.068381547927856445e-01 -1.530493143945932388e-02 -2.937662303447723389e-01 -4.308904707431793213e-02 2.667736709117889404e-01 -4.115503397770226002e-04
-3.068381547927856445e-01 2.485732138156890869e-01 -9.872681498527526855e-01 -5.710210278630256653e-02 5.181980729103088379e-01 4.299614951014518738e-02
-3.815325722098350525e-02 5.124513506889343262e-01 -7.179575562477111816e-01 -2.993454411625862122e-02 2.293155789375305176e-01 6.027046218514442444e-02
-3.815325722098350525e-02 2.485732138156890869e-01 -9.308626055717468262e-01 -4.257266968488693237e-02 2.713992819190025330e-02 3.298902884125709534e-02
-3.068381547927856445e-01 5.124513506889343262e-01 1.539646461606025696e-02 -8.613220602273941040e-02 3.971802890300750732e-01 6.980859488248825073e-02
-3.815325722098350525e-02 -1.530493143945932388e-02 4.866855591535568237e-02 -8.102148771286010742e-02 7.222221046686172485e-02 4.842650145292282104e-03
2.305316329002380371e-01 2.485732138156890869e-01 1.457945350557565689e-02 -6.380484253168106079e-02 -4.918253719806671143e-01 2.440254390239715576e-02
-3.068381547927856445e-01 -1.530493143945932388e-02 -7.280293703079223633e-01 3.059318661689758301e-02 3.661058843135833740e-01 1.841422868892550468e-03
2.305316329002380371e-01 -2.791830599308013916e-01 4.179416596889495850e-01 1.809043437242507935e-02 -2.989979982376098633e-01 -2.204900793731212616e-02
-3.068381547927856445e-01 -5.430612564086914062e-01 -2.408466190099716187e-01 6.681779026985168457e-02 4.318610727787017822e-01 -7.528700679540634155e-02
-5.755230188369750977e-01 -5.430612564086914062e-01 -6.424715518951416016e-01 4.786024242639541626e-02 7.319676876068115234e-01 -5.721457675099372864e-02
-3.068381547927856445e-01 2.485732138156890869e-01 2.103832066059112549e-01 -3.272577375173568726e-02 1.821017265319824219e-01 2.024498023092746735e-02
-3.068381547927856445e-01 -2.791830599308013916e-01 -7.596164345741271973e-01 1.052271854132413864e-02 4.238317012786865234e-01 -2.449868991971015930e-02
4.992165565490722656e-01 2.485732138156890869e-01 5.768423676490783691e-01 -3.646389022469520569e-02 -5.786343216896057129e-01 2.617328055202960968e-02
4.992165565490722656e-01 5.124513506889343262e-01 1.926200985908508301e-01 -7.805885374546051025e-02 -5.271699428558349609e-01 6.177936866879463196e-02
-3.815325722098350525e-02 5.124513506889343262e-01 5.618687868118286133e-01 -7.238479703664779663e-02 1.293993443250656128e-01 8.192293345928192139e-02
2.305316329002380371e-01 -1.530493143945932388e-02 5.282241702079772949e-01 -7.405910640954971313e-02 -2.443401664495468140e-01 7.627624087035655975e-03
-3.068381547927856445e-01 -1.530493143945932388e-02 -7.566159367561340332e-01 -5.298776924610137939e-02 5.311771631240844727e-01 8.315279148519039154e-03
-5.755230188369750977e-01 -1.530493143945932388e-02 -6.718601584434509277e-01 -2.487096935510635376e-02 6.341458559036254883e-01 -1.984086586162447929e-03
-3.815325722098350525e-02 -1.530493143945932388e-02 -8.755533099174499512e-01 6.613405793905258179e-02 1.452235598117113113e-02 -8.777544135227799416e-04
2.305316329002380371e-01 5.124513506889343262e-01 8.485273718833923340e-01 -7.791426032781600952e-02 -2.029742151498794556e-01 8.721482753753662109e-02
-3.815325722098350525e-02 -1.530493143945932388e-02 -3.807817399501800537e-01 6.675937678664922714e-03 -7.609453052282333374e-02 4.673799499869346619e-03
2.305316329002380371e-01 2.485732138156890869e-01 8.490216135978698730e-01 -5.206913128495216370e-02 -2.809033095836639404e-01 1.974312029778957367e-02
2.305316329002380371e-01 2.485732138156890869e-01 -4.429509118199348450e-02 -8.853668719530105591e-02 -4.113552570343017578e-01 2.886147610843181610e-02
-3.068381547927856445e-01 2.485732138156890869e-01 -6.581514477729797363e-01 -6.205847859382629395e-02 2.992235422134399414e-01 1.571902073919773102e-02
2.305316329002380371e-01 -1.530493143945932388e-02 3.490833938121795654e-01 2.351156435906887054e-02 -1.833700090646743774e-01 1.794505864381790161e-02
-3.068381547927856445e-01 5.124513506889343262e-01 -8.198919296264648438e-01 -7.449615746736526489e-02 2.780316770076751709e-01 6.198316067457199097e-02
-3.815325722098350525e-02 -1.530493143945932388e-02 2.162880599498748779e-01 7.389616221189498901e-02 -1.252409908920526505e-02 1.056810724548995495e-03
-3.068381547927856445e-01 2.485732138156890869e-01 -6.689089536666870117e-01 -2.851218916475772858e-02 5.899373888969421387e-01 5.227204784750938416e-02
2.305316329002380371e-01 -1.530493143945932388e-02 6.415673494338989258e-01 -1.233989460160955787e-04 -4.303866326808929443e-01 1.106713432818651199e-02
-3.815325722098350525e-02 -1.530493143945932388e-02 -9.654778242111206055e-01 1.706149056553840637e-02 1.187358051538467407e-01 1.188263576477766037e-02
2.305316329002380371e-01 2.485732138156890869e-01 3.738255500793457031e-01 -4.444177448749542236e-02 -2.593833506107330322e-01 4.466891288757324219e-02
-3.068381547927856445e-01 -1.530493143945932388e-02 -5.464980006217956543e-01 -3.279129415750503540e-02 2.780402302742004395e-01 -1.782331848517060280e-03
-5.755230188369750977e-01 -1.530493143945932388e-02 -9.962080121040344238e-01 -1.895654946565628052e-02 9.946199655532836914e-01 -1.291898894123733044e-03
-3.815325722098350525e-02 -5.430612564086914062e-01 2.329030930995941162e-01 7.494608312845230103e-02 1.611990034580230713e-01 -6.215753406286239624e-02
4.992165565490722656e-01 -2.791830599308013916e-01 4.130927622318267822e-01 5.487371608614921570e-02 -5.287807583808898926e-01 -4.062648490071296692e-02
2.305316329002380371e-01 -1.530493143945932388e-02 1.109910532832145691e-01 3.223556652665138245e-02 -1.887578517198562622e-01 -1.539877895265817642e-02
-3.815325722098350525e-02 -2.791830599308013916e-01 -4.943029582500457764e-01 1.098984014242887497e-02 1.378493010997772217e-01 -2.154285088181495667e-02
2.305316329002380371e-01 -2.791830599308013916e-01 1.552135050296783447e-01 -2.457643672823905945e-02 -2.207923978567123413e-01 -2.033475413918495178e-02
4.992165565490722656e-01 5.124513506889343262e-01 9.064315557479858398e-01 -5.495161190629005432e-02 -6.457192897796630859e-01 7.369411736726760864e-02
4.992165565490722656e-01 -2.791830599308013916e-01 3.674610257148742676e-01 -1.814443618059158325e-02 -6.197530031204223633e-01 -3.465439751744270325e-02
-3.068381547927856445e-01 -1.530493143945932388e-02 -6.816064715385437012e-01 4.843253269791603088e-02 5.899187326431274414e-01 -8.099290542304515839e-03
-5.755230188369750977e-01 2.485732138156890869e-01 -5.307602286338806152e-01 -7.134116720408201218e-03 6.751238703727722168e-01 4.653123021125793457e-02
-3.815325722098350525e-02 -2.791830599308013916e-01 -3.028309345245361328e-01 3.696366399526596069e-02 1.795358955860137939e-01 -5.294363945722579956e-02
2.305316329002380371e-01 -1.530493143945932388e-02 2.204878032207489014e-01 -7.359903305768966675e-02 -1.781554818153381348e-01 3.439643653109669685e-03
-3.815325722098350525e-02 -1.530493143945932388e-02 -4.167441129684448242e-01 5.707174912095069885e-02 1.906639635562896729e-01 1.507843099534511566e-02
-3.815325722098350525e-02 5.124513506889343262e-01 -6.906467676162719727e-01 -6.737180054187774658e-02 1.782850623130798340e-01 5.412712693214416504e-02
-3.068381547927856445e-01 -2.791830599308013916e-01 -4.236177504062652588e-01 5.344341322779655457e-02 5.188369154930114746e-01 -4.279869422316551208e-02
